4
107
311
447
464
671
936
938
994
997
999
1018
1474
1480
1486
1488
1687
1892
1981
2000
2018
2148
2153
2159
2176
2187
2196
2247
2249
2264
2292
2315
2337
2345
2347
2351
2369
2391
2446
2448
2465
2466
2471
2482
2519
2577
2581
2712
2724
2741
2750
2755
2762
2769
2893
2955
2997
3059
3074
3091
3114
3151
3168
3182
3221
3229
3278
3282
3295
3309
3316
3326
3337
3345
3356
3357
3360
3365
3371
3373
3374
3386
3396
3397
3444
3475
3488
3516
3559
3672
3673
3689
3696
3715
3759
3779
3822
3883
3899
3902
3926
3958
4041
4107
4168
4171
4174
4235
4237
4257
4409
4410
4418
4421
4472
4474
4476
4487
4488
4499
4509
4539
4567
4583
4595
4615
4616
4621
4622
4628
4632
4652
4654
4740
4753
4754
4768
4770
4820
4831
4847
4848
4849
4855
4883
4887
4890
4911
4915
4921
4922
4930
4931
4932
4938
4977
4992
5035
5042
5053
5074
5078
5090
5152
5215
5253
5258
5265
5268
5315
5319
5320
5322
5323
5324
5325
5326
5327
5328
5329
5330
5332
5333
5335
5336
5338
5343
5344
5355
5379
5387
5391
5405
5429
5480
5497
5536
5593
5597
5625
5639
5656
5717
5741
5770
5784
5789
5790
5803
5807
5827
5892
5902
5922
5957
5983
6024
6034
6040
6046
6048
6057
6076
6083
6136
6141
6167
6241
6252
6253
6317
6336
6568
6634
6662
6694
6731
6769
6799
6855
6872
6880
6970
7056
7060
7078
7097
7098
7150
7151
7173
7176
7181
7191
7193
7194
7203
7204
7206
7207
7358
7476
7510
7525
7531
7559
7572
7590
7601
7604
7632
7646
7650
7651
7654
7655
7658
7668
7681
7695
7702
7705
7707
7716
7719
7720
7738
7745
7791
7921
7957
7970
8085
8086
8228
8248
8310
8362
8365
8422
8425
8499
8520
8550
8589
8615
8633
8653
8692
8723
8785
8813
8815
8944
9013
9024
9047
9280
9330
9352
9376
9444
9458
9564
9589
9687
9703
9709
9787
9912
9948
10090
10387
10391
10531
10616
10660
10780
10781
10811
10830
10839
10870
11033
11112
11224
11350
11368
11429
11507
11693
11808
11955
11966
12124
12478
12715
12793
12870
13050
13113
13118
13454
13493
13728
13755
13756
13764
14051
14130
14286
14440
14604
14743
14866
14869
15004
15139
15232
15250
15284
15387
15424
15432
15443
15797
15998
16002
16037
16045
16180
16237
16303
16361
16362
16363
16463
16562
16834
17134
17139
17231
17236
17273
17275
17349
17355
17513
17652
17683
17861
18303
18340
18343
18484
18542
18637
18752
19137
19188
19379
19402
19518
19592
19596
19604
19675
19750
19879
20039
20169
20279
20298
20352
20395
20417
20673
20846
21058
21322
21467
21576
21583
21718
21777
21847
21965
22162
22529
22601
22833
23009
23194
23360
23537
23702
24107
24361
24405
24685
24743
24915
25051
25213
25238
25294
25495
25572
26229
26383
26436
26650
26758
26762
26964
26989
27200
27421
27447
27503
27689
27918
27990
28207
28308
28554
28693
28858
28871
28891
29327
29354
29858
30231
30627
30951
31018
31060
31219
31223
31225
31226
31227
31237
31238
31390
31473
31593
31635
31728
31772
31799
32593
32681
32731
32995
33039
33176
33254
33478
33624
33630
34001
34081
34632
34665
35751
35805
36102
36303
36339
36605
36663
37170
37384
37497
37542
37767
37910
38010
38360
38409
39042
39147
39186
39230
39327
39385
39526
39855
39912
39985
40273
40384
40813
41022
41023
41109
41114
41125
41368
41428
41485
41632
42504
42586
42802
43079
43233
43234
44073
44112
44383
47289
47455
47528
47898
47938
47979
48040
48229
49381
50222
50312
50465
50516
50895
50896
50897
50942
51040
51173
51369
51605
51755
53001
53555
53672
53735
54339
54362
54477
54738
54739
54765
54889
54891
54900
54911
55182
55283
55305
55331
55480
55652
56205
56207
56208
56330
56463
56704
56959
57266
57469
57782
59774
60021
60149
60164
60182
60464
60510
60560
60561
60605
60651
60703
60749
60790
60795
60810
60823
60934
60946
60953
60961
60974
60977
60995
60999
61005
61007
61048
61053
61054
61055
61056
61080
61100
61151
61163
61286
61384
61417
62276
62300
62306
62341
62495
62553
62576
62660
62661
62857
62923
62937
62960
62999
63002
64142
64517
64647
64713
64740
64772
64949
65114
65327
65329
65341
65394
65399
65494
65552
65614
65630
65659
65681
65682
65709
65710
65768
65776
65790
65906
65909
65938
65940
65947
65957
65958
65981
66070
66124
66133
66245
66247
66251
66264
66461
66571
66858
66909
67274
67533
67686
67967
68023
68186
68304
68310
68385
68549
68600
68604
68610
68624
68626
68664
68706
68740
68770
68844
68862
68907
68933
68940
69188
69297
69550
69685
69705
70374
70569
70807
71128
71157
71186
71188
71234
71245
71267
71270
71335
71360
71399
71412
71424
71467
71486
71611
71616
71622
71693
71734
71773
71815
71837
71872
71873
71884
71894
71895
71992
72004
72075
72081
72106
72146
72157
72179
72327
73281
73282
73334
73672
73675
73764
73957
74189
74651
75557
76714
77210
77406
77721
77993
77999
78091
78170
78766
79242
80277
80777
80779
80900
81784
82058
82148
85542
85862
86102
86132
86138
86171
86173
86210
86211
86222
86233
86266
86298
86429
86453
88209
88638
89594
89953
90202
90473
90571
91274
91442
91610
91656
91673
91677
91683
91692
91693
91707
91708
91727
91735
91757
91759
91768
91776
91779
92163
92299
92387
92431
92727
92839
92879
92897
92942
92968
93184
93335
93542
93858
94037
94411
94866
98356
98723
101526
101616
101925
102293
102426
102428
102710
104143
104607
104609
104610
104762
104769
104856
104865
104920
105010
105104
107080
107715
107720
107807
108173
108312
108381
109029
113124
114750
114811
116814
117965
118264
118574
119171
119182
119361
119525
119583
121097
122125
122188
123596
123631
123879
124225
127150
128798
129109
129209
129319
129491
129791
131535
132916
134018
134601
137264
146256
147912
148192
151166
152943
152951
153939
153974
153997
154256
155032
155774
156328
156391
156414
156422
157672
157690
158793
159977
160796
161104
161562
161803
162381
164457
165457
167180
167980
170364
174174
175804
176015
176163
176167
176879
180089
180559
182951
185460
197006
197066
198015
206044
208898
208953
210326
213037
213039
214356
216265
219024
219078
220401
223866
228987
229455
234310
246724
250096
256687
357904
387447
392622
408285
439174
440936
441244
441308
441313
441333
441337
441345
441350
441383
441401
441415
443048
443130
443311
443375
443382
443868
443873
443944
443970
443983
444005
444021
444030
448223
451417
451668
456201
459494
460612
483180
517637
517827
520148
562087
591200
616765
638678
644076
644077
644280
656511
656597
656667
656678
656829
656832
657180
657237
657381
676166
688272
712441
779179
854019
969472
1549133
2723885
2723942
2733525
2734019
2735101
2829432
3000579
3000668
3002190
3002977
3005572
3011155
3017698
3019305
3032325
3033151
3033226
3033674
3033690
3033769
3033865
3033988
3038522
3045407
3052762
3057998
3058754
3061720
3062316
3081304
3081361
3083546
3083802
3246155
3317081
3391107
4047281
4302960
4443516
4474062
5281032
5281055
5281056
5281064
5281065
5281069
5282209
5282215
5282219
5282318
5282409
5282485
5282593
5284442
5284451
5284516
5284584
5284633
5311010
5311271
5311309
5323714
5357002
5358907
5358941
5362115
5362118
5362123
5362129
5362376
5388962
5447130
5459110
5462355
5481119
5484727
5485193
5486971
5489012
5702242
5743835
6324663
6400441
6419888
6419941
6419962
6419978
6420010
6420033
6420041
6433119
6433334
6433573
6434250
6435335
6436605
6442928
6445007
6451325
6603108
6603901
6604472
6604492
6604495
6604497
6604557
6850814
6852406
6914152
6918106
6918235
6918454
6918580
9549168
9561033
9570327
9570475
9576037
9588170
9819350
9821217
9824131
9828356
9831581
9833444
9838712
9843744
9853654
9861124
9862176
9865514
9865929
9866250
9869142
9882837
9890250
9895468
9915886
9926621
9928181
9930121
9932000
9934458
9935274
9936739
9952220
9954540
10127622
10131132
10133071
10158453
10159191
10160166
10201497
10233356
10328936
10407399
10455790
10470544
10885665
10958189
11091168
11150163
11159021
11180807
11219835
11285653
11477651
11556711
11614934
11700495
11784975
11957654
11957669
11957707
11957725
12004215
12056760
12148754
12213639
12285822
14010333
14178379
14257662
14552708
15558682
15895902
15981450
16036578
16051933
16051969
16052011
16219349
16722125
17756940
18173271
18530349
18551400
20055083
20055509
20055558
20056743
22833454
23663953
23663954
23664644
23664709
23666110
23672325
23672568
23676736
23676814
23680486
23681451
23684677
23687810
23704143
24194381
24728612
24798733
24852044
24868287
24978536
25015677
25077533
25099474
25234023
37888454
44235958
44341259
45073437
46780884
51668574
53249535
53316393
53316396
53316398
53477580
54671008
54678486
54682461
54687772
56638112
56972160
57823090
60196270
60196271
60196274
60196276
60196287
60196291
60196298
60196305
60196307
60196312
60196314
60196316
60196317
60196318
60196321
60196322
60196328
60196329
60196330
60196339
60196342
60196348
60196367
60196405
60196406
60196407
60196409
60196410
60196411
60196413
60196436
60196441
72187522
72187526
72187527
135398641
135398737
135398739
135410906
135413523
135413534
135511839
135749823