fold 1
train
0	2
1	3
2	7
3	8
4	9
5	10
6	11
7	13
8	14
9	15
10	16
11	17
12	18
13	19
14	20
15	21
16	22
17	23
18	24
19	25
20	26
21	27
22	28
23	29
24	30
25	31
26	32
27	34
28	35
29	37
30	38
31	39
32	40
33	41
34	42
35	43
36	44
37	45
38	46
39	47
40	48
41	49
42	50
43	51
44	52
45	53
46	54
47	55
48	56
49	57
50	58
51	59
52	61
53	62
54	63
55	64
56	66
57	67
58	68
59	69
60	70
61	71
62	72
63	73
64	74
65	75
66	76
67	77
68	78
69	79
70	80
71	81
72	82
73	83
74	84
75	85
76	86
77	87
78	88
79	89
80	90
81	91
82	92
83	93
84	94
85	96
86	97
87	98
88	99
89	100
90	101
91	102
92	103
93	104
94	105
95	106
96	107
97	108
98	109
99	110
100	111
101	112
102	113
103	114
104	115
105	116
106	117
107	118
108	119
109	120
110	121
111	122
112	123
113	124
114	125
115	126
116	127
117	128
118	129
119	130
120	131
121	132
122	133
123	134
124	135
125	136
126	137
127	138
128	139
129	140
130	141
131	142
132	143
133	144
134	146
135	148
136	149
137	150
138	151
139	152
140	153
141	154
142	156
143	157
144	158
145	159
146	160
147	161
148	162
149	163
150	164
151	165
152	167
153	168
154	169
155	170
156	171
157	173
158	174
159	175
160	177
161	178
162	179
163	181
164	182
165	183
166	185
167	186
168	187
169	188
170	189
171	190
172	192
173	193
174	194
175	195
176	196
177	198
178	199
179	200
180	201
181	202
182	203
183	204
184	205
185	206
186	207
187	208
188	209
189	210
190	212
191	213
192	214
193	215
194	216
195	217
196	218
197	219
198	220
199	221
200	222
201	224
202	225
203	226
204	227
205	228
206	229
207	230
208	232
209	233
210	234
211	235
212	236
213	237
214	238
215	239
216	241
217	242
218	243
219	244
220	245
221	248
222	249
223	250
224	251
225	252
226	253
227	254
228	255
229	256
230	257
231	258
232	259
233	260
234	261
235	262
236	263
237	264
238	265
239	266
240	267
241	268
242	270
243	271
244	272
245	273
246	274
247	276
248	277
249	278
250	279
251	281
252	282
253	283
254	284
255	285
256	287
257	288
258	289
259	290
260	291
261	292
262	293
263	294
264	295
265	296
266	297
267	298
268	299
269	300
270	301
271	303
272	304
273	305
274	307
275	308
276	309
277	310
278	311
279	312
280	313
281	314
282	315
283	316
284	317
285	318
286	319
287	320
288	321
289	322
290	323
291	324
292	325
293	326
294	327
295	328
296	329
297	330
298	331
299	332
300	333
301	334
302	336
303	337
304	339
305	340
306	341
307	342
308	343
309	344
310	345
311	346
312	347
313	350
314	351
315	352
316	353
317	354
318	355
319	356
320	357
321	358
322	360
323	361
324	362
325	363
326	364
327	365
328	366
329	367
330	368
331	369
332	370
333	371
334	372
335	373
336	374
337	375
338	376
339	377
340	378
341	380
342	382
343	383
344	384
345	385
346	386
347	387
348	389
349	390
350	391
351	392
352	393
353	394
354	395
355	396
356	397
357	398
358	399
359	400
360	401
361	402
362	403
363	404
364	405
365	406
366	407
367	409
368	410
369	411
370	412
371	413
372	414
373	415
374	416
375	417
376	418
377	419
378	420
379	421
380	422
381	423
382	424
383	425
384	426
385	427
386	429
387	430
388	431
389	432
390	433
391	434
392	435
393	436
394	437
395	438
396	439
397	440
398	441
399	442
400	444
401	445
402	446
403	447
404	448
405	449
406	450
407	451
408	452
409	453
410	454
411	455
412	456
413	457
414	458
415	459
416	460
417	461
418	462
419	463
420	464
421	465
422	467
423	468
424	469
425	470
426	472
427	474
428	475
429	476
430	477
431	478
432	479
433	480
434	481
435	482
436	483
437	484
438	485
439	486
440	487
441	488
442	490
443	491
444	492
445	493
446	494
447	495
448	496
449	497
450	498
451	499
452	500
453	501
454	502
455	503
456	504
457	505
458	506
459	507
460	508
461	510
462	511
463	512
464	513
465	514
466	515
467	516
468	517
469	518
470	519
471	520
472	521
473	522
474	523
475	524
476	525
477	526
478	527
479	528
480	530
481	531
482	532
483	533
484	534
485	535
486	536
487	537
488	538
489	539
490	540
491	541
492	542
493	543
494	544
495	545
496	546
497	547
498	548
499	549
500	550
501	551
502	553
503	554
504	556
505	557
506	558
507	560
508	562
509	563
510	564
511	565
512	566
513	567
514	569
515	570
516	571
517	572
518	573
519	574
520	575
521	576
522	577
523	578
524	579
525	580
526	581
527	582
528	583
529	584
530	585
531	586
532	587
533	588
534	589
535	591
536	592
537	593
538	594
539	595
540	596
541	597
542	598
543	599
544	600
545	601
546	602
547	604
548	605
549	606
550	607
551	608
552	609
553	610
554	611
555	612
556	613
557	614
558	615
559	616
560	617
561	619
562	620
563	621
564	622
565	623
566	624
567	625
568	626
569	627
570	628
571	630
572	631
573	632
574	633
575	634
576	635
577	636
578	637
579	638
580	639
581	640
582	641
583	642
584	643
585	644
586	645
587	648
588	649
589	650
590	651
591	652
592	653
593	654
594	655
595	656
596	657
597	658
598	659
599	660
600	661
601	662
602	663
603	664
604	665
605	666
606	667
607	668
608	671
609	673
610	674
611	676
612	678
613	679
614	680
615	681
616	682
617	683
618	684
619	685
620	686
621	687
622	688
623	689
624	691
625	692
626	693
627	694
628	695
629	696
630	698
631	699
632	701
633	702
634	703
635	705
636	707
637	708
638	710
639	712
640	713
641	714
642	715
643	716
644	717
645	718
646	719
647	720
648	721
649	722
650	723
651	724
652	725
653	726
654	727
655	729
656	730
657	731
658	732
659	733
660	734
661	735
662	736
663	737
664	738
665	739
666	740
667	741
668	742
669	743
670	744
671	745
672	746
673	747
674	748
675	749
676	750
677	752
678	753
679	754
680	755
681	756
682	758
683	759
684	760
685	761
686	762
687	763
688	764
689	765
690	766
691	769
692	771
693	772
694	773
695	774
696	775
697	776
698	777
699	778
700	779
701	780
702	781
703	782
704	783
705	784
706	785
707	786
708	787
709	788
710	789
711	790
712	791
713	792
714	793
715	794
716	795
717	796
718	797
719	798
720	799
721	800
722	801
723	802
724	803
725	804
726	805
727	806
728	807
729	808
730	809
731	810
732	811
733	812
734	813
735	814
736	815
737	816
738	817
739	818
740	819
741	820
742	821
743	822
744	823
745	824
746	825
747	826
748	827
749	828
750	829
751	830
752	831
753	834
754	835
755	836
756	837
757	838
758	839
759	840
760	841
761	842
762	843
763	844
764	845
765	846
766	847
767	848
768	849
769	850
770	851
771	852
772	853
773	854
774	857
775	858
776	859
777	860
778	861
779	862
780	863
781	864
782	865
783	866
784	868
785	869
786	870
787	871
788	872
789	873
790	874
791	875
792	876
793	877
794	878
795	879
796	880
797	881
798	882
799	883
800	885
801	886
802	888
803	889
804	890
805	891
806	892
807	894
808	895
809	896
810	897
811	898
812	899
813	900
814	902
815	903
816	905
817	908
818	909
819	910
820	911
821	912
822	914
823	915
824	916
825	917
826	918
827	919
828	920
829	921
830	922
831	923
832	924
833	925
834	926
835	927
836	928
837	929
838	930
839	931
840	932
841	933
842	934
843	936
844	937
845	938
846	939
847	940
848	941
849	942
850	943
851	944
852	945
853	946
854	947
855	948
856	949
857	950
858	951
859	952
860	953
861	954
862	955
863	956
864	957
865	959
866	960
867	961
868	962
869	963
870	964
871	966
872	967
873	968
874	969
875	970
876	971
877	972
878	973
879	974
880	975
881	976
882	977
883	978
884	979
885	980
886	981
887	982
888	983
889	985
890	986
891	987
892	988
893	989
894	990
895	991
896	992
897	994
898	995
899	996
900	998
901	999
902	1000
903	1001
904	1002
905	1003
906	1004
907	1005
908	1006
909	1007
910	1008
911	1009
912	1010
913	1011
914	1012
915	1013
916	1015
917	1016
918	1017
919	1018
920	1019
921	1020
922	1021
923	1022
924	1023
925	1024
926	1025
927	1026
928	1027
929	1028
930	1029
931	1030
932	1031
933	1032
934	1033
935	1034
936	1035
937	1036
938	1037
939	1038
940	1039
941	1040
942	1041
943	1042
944	1043
945	1044
946	1045
947	1046
948	1047
949	1048
950	1049
951	1050
952	1051
953	1052
954	1053
955	1054
956	1057
957	1059
958	1060
959	1063
960	1064
961	1065
962	1066
963	1067
964	1068
965	1069
966	1071
967	1072
968	1073
969	1074
970	1075
971	1076
972	1077
973	1078
974	1079
975	1080
976	1081
977	1083
978	1084
979	1085
980	1086
981	1087
982	1088
983	1089
984	1090
985	1091
986	1093
987	1094
988	1095
989	1096
990	1097
991	1098
992	1099
993	1100
994	1101
995	1102
996	1103
997	1105
998	1106
999	1107
1000	1108
1001	1109
1002	1110
1003	1111
1004	1112
1005	1113
1006	1114
1007	1115
1008	1116
1009	1119
1010	1120
1011	1121
1012	1122
1013	1123
1014	1124
1015	1125
1016	1126
1017	1127
1018	1128
1019	1129
1020	1130
1021	1131
1022	1132
1023	1133
1024	1134
1025	1135
1026	1136
1027	1137
1028	1138
1029	1139
1030	1140
1031	1141
1032	1142
1033	1143
1034	1144
1035	1145
1036	1146
1037	1147
1038	1148
1039	1149
1040	1150
1041	1151
1042	1152
1043	1153
1044	1154
1045	1155
1046	1156
1047	1157
1048	1158
1049	1159
1050	1160
1051	1161
1052	1162
1053	1163
1054	1164
1055	1166
1056	1167
1057	1168
1058	1169
1059	1170
1060	1171
1061	1172
1062	1173
1063	1174
1064	1175
1065	1176
1066	1177
1067	1179
1068	1180
1069	1181
1070	1182
1071	1183
1072	1185
1073	1186
1074	1187
1075	1188
1076	1189
1077	1190
1078	1193
1079	1194
1080	1195
1081	1197
1082	1198
1083	1200
1084	1201
1085	1202
1086	1204
1087	1206
1088	1207
1089	1208
1090	1209
1091	1210
1092	1211
1093	1212
1094	1213
1095	1214
1096	1215
1097	1216
1098	1217
1099	1218
1100	1219
1101	1220
1102	1222
1103	1223
1104	1224
1105	1225
1106	1226
1107	1227
1108	1228
1109	1229
1110	1230
1111	1232
1112	1233
1113	1234
1114	1235
1115	1236
1116	1237
1117	1238
1118	1239
1119	1240
1120	1241
1121	1242
1122	1243
1123	1244
1124	1245
1125	1247
1126	1248
1127	1249
1128	1250
1129	1251
1130	1252
1131	1253
1132	1254
1133	1255
1134	1256
1135	1257
1136	1258
1137	1259
1138	1260
1139	1262
1140	1264
1141	1265
1142	1266
1143	1267
1144	1268
1145	1269
1146	1270
1147	1271
1148	1273
1149	1274
1150	1275
1151	1276
1152	1277
1153	1278
1154	1279
1155	1280
1156	1281
1157	1282
1158	1283
1159	1284
1160	1285
1161	1286
1162	1287
1163	1288
1164	1290
1165	1291
1166	1292
1167	1293
1168	1294
1169	1295
1170	1296
1171	1297
1172	1298
1173	1299
1174	1300
1175	1301
1176	1302
1177	1303
1178	1304
1179	1305
1180	1306
1181	1307
1182	1308
1183	1309
1184	1310
1185	1311
1186	1312
1187	1313
1188	1314
1189	1315
1190	1318
1191	1319
1192	1320
1193	1321
1194	1322
1195	1324
1196	1325
1197	1326
1198	1327
1199	1328
1200	1329
1201	1330
1202	1331
1203	1333
1204	1335
1205	1336
1206	1337
1207	1338
1208	1339
1209	1340
1210	1341
1211	1342
1212	1343
1213	1344
1214	1345
1215	1346
1216	1347
1217	1348
1218	1349
1219	1350
1220	1352
1221	1354
1222	1355
1223	1356
1224	1357
1225	1358
1226	1359
1227	1360
1228	1361
1229	1362
1230	1364
1231	1365
1232	1366
1233	1367
1234	1368
1235	1369
1236	1370
1237	1371
1238	1372
1239	1373
1240	1374
1241	1375
1242	1376
1243	1378
1244	1379
1245	1380
1246	1381
1247	1382
1248	1383
1249	1384
1250	1385
1251	1386
1252	1387
1253	1388
1254	1389
1255	1390
1256	1391
1257	1392
1258	1393
1259	1394
1260	1395
1261	1396
1262	1397
1263	1398
1264	1399
1265	1400
1266	1401
1267	1402
1268	1403
1269	1404
1270	1405
1271	1406
1272	1407
1273	1408
1274	1409
1275	1411
1276	1412
1277	1413
1278	1415
1279	1416
1280	1417
1281	1418
1282	1420
1283	1421
1284	1422
1285	1423
1286	1424
1287	1425
1288	1426
1289	1427
1290	1428
1291	1429
1292	1430
1293	1431
1294	1432
1295	1434
1296	1435
1297	1436
1298	1438
1299	1440
1300	1441
1301	1442
1302	1443
1303	1444
1304	1445
1305	1446
1306	1447
1307	1448
1308	1449
1309	1450
1310	1451
1311	1452
1312	1453
1313	1454
1314	1455
1315	1456
1316	1458
1317	1459
1318	1460
1319	1461
1320	1463
1321	1464
1322	1465
1323	1466
1324	1468
1325	1469
1326	1471
1327	1472
1328	1473
1329	1475
1330	1476
1331	1477
1332	1478
1333	1479
1334	1480
1335	1481
1336	1482
1337	1483
1338	1484
1339	1485
1340	1487
1341	1488
1342	1490
1343	1491
1344	1492
1345	1493
1346	1494
1347	1496
1348	1497
1349	1498
1350	1499
1351	1500
1352	1502
1353	1503
1354	1504
1355	1505
1356	1506
1357	1507
1358	1508
1359	1509
1360	1510
1361	1512
1362	1513
1363	1514
1364	1515
1365	1516
1366	1517
1367	1518
1368	1519
1369	1520
1370	1523
1371	1524
1372	1525
1373	1526
1374	1527
1375	1528
1376	1529
1377	1530
1378	1531
1379	1532
1380	1533
1381	1534
1382	1535
1383	1536
1384	1537
1385	1538
1386	1539
1387	1540
1388	1541
1389	1544
1390	1545
1391	1546
1392	1547
1393	1549
1394	1550
1395	1551
1396	1552
1397	1553
1398	1554
1399	1555
1400	1556
1401	1558
1402	1560
1403	1561
1404	1562
1405	1563
1406	1564
1407	1565
1408	1566
1409	1567
1410	1568
1411	1569
1412	1570
1413	1571
1414	1572
1415	1573
1416	1575
1417	1576
1418	1577
1419	1578
1420	1579
1421	1580
1422	1581
1423	1582
1424	1583
1425	1584
1426	1585
1427	1586
1428	1587
1429	1588
1430	1589
1431	1590
1432	1591
1433	1592
1434	1593
1435	1594
1436	1595
1437	1596
1438	1597
1439	1598
1440	1599
1441	1600
1442	1601
1443	1602
1444	1604
1445	1605
1446	1606
1447	1607
1448	1608
1449	1609
1450	1611
1451	1612
1452	1613
1453	1614
1454	1616
1455	1617
1456	1618
1457	1619
1458	1621
1459	1622
1460	1623
1461	1624
1462	1625
1463	1626
1464	1627
1465	1628
1466	1629
1467	1630
1468	1631
1469	1632
1470	1633
1471	1635
1472	1636
1473	1637
1474	1638
1475	1639
1476	1640
1477	1641
1478	1642
1479	1643
1480	1644
1481	1645
1482	1646
1483	1647
1484	1648
1485	1649
1486	1650
1487	1651
1488	1652
1489	1654
1490	1655
1491	1656
1492	1658
1493	1659
1494	1660
1495	1662
1496	1664
1497	1666
1498	1667
1499	1668
1500	1669
1501	1670
1502	1671
1503	1672
1504	1673
1505	1674
1506	1675
1507	1676
1508	1677
1509	1678
1510	1679
1511	1680
1512	1681
1513	1682
1514	1683
1515	1684
1516	1685
1517	1686
1518	1687
1519	1688
1520	1689
1521	1690
1522	1692
1523	1693
1524	1694
1525	1695
1526	1696
1527	1697
1528	1698
1529	1699
1530	1700
1531	1701
1532	1702
1533	1703
1534	1706
1535	1707
1536	1708
1537	1709
1538	1711
1539	1712
1540	1713
1541	1715
1542	1716
1543	1717
1544	1718
1545	1719
1546	1720
1547	1721
1548	1723
1549	1724
1550	1725
1551	1726
1552	1727
1553	1728
1554	1729
1555	1730
1556	1731
1557	1732
1558	1733
1559	1734
1560	1735
1561	1736
1562	1739
1563	1740
1564	1741
1565	1742
1566	1743
1567	1744
1568	1745
1569	1746
1570	1747
1571	1748
1572	1749
1573	1750
1574	1751
1575	1752
1576	1753
1577	1754
1578	1756
1579	1757
1580	1758
1581	1759
1582	1760
1583	1761
1584	1762
1585	1763
1586	1765
1587	1766
1588	1767
1589	1768
1590	1769
1591	1770
1592	1771
1593	1772
1594	1773
1595	1774
1596	1775
1597	1776
1598	1777
1599	1778
1600	1779
1601	1780
1602	1781
1603	1782
1604	1783
1605	1784
1606	1785
1607	1786
1608	1787
1609	1788
1610	1789
1611	1790
1612	1792
1613	1793
1614	1794
1615	1795
1616	1796
1617	1797
1618	1798
1619	1800
1620	1801
1621	1802
1622	1803
1623	1805
1624	1806
1625	1807
1626	1808
1627	1809
1628	1810
1629	1811
1630	1813
1631	1814
1632	1815
1633	1816
1634	1817
1635	1818
1636	1819
1637	1820
1638	1821
1639	1822
1640	1823
1641	1824
1642	1826
1643	1827
1644	1829
1645	1830
1646	1831
1647	1832
1648	1833
1649	1834
1650	1835
1651	1836
1652	1837
1653	1838
1654	1839
1655	1840
1656	1841
1657	1842
1658	1843
1659	1844
1660	1845
1661	1846
1662	1847
1663	1848
1664	1849
1665	1851
1666	1852
1667	1853
1668	1854
1669	1855
1670	1856
1671	1857
1672	1858
1673	1859
1674	1860
1675	1861
1676	1862
1677	1863
1678	1864
1679	1865
1680	1867
1681	1868
1682	1869
1683	1871
1684	1873
1685	1874
1686	1876
1687	1877
1688	1879
1689	1880
1690	1881
1691	1882
1692	1883
1693	1884
1694	1885
1695	1886
1696	1888
1697	1889
1698	1890
1699	1891
1700	1892
1701	1893
1702	1894
1703	1895
1704	1896
1705	1897
1706	1898
1707	1899
1708	1900
1709	1901
1710	1902
1711	1903
1712	1904
1713	1905
1714	1906
1715	1907
1716	1908
1717	1909
1718	1910
1719	1912
1720	1913
1721	1914
1722	1915
1723	1917
1724	1919
1725	1920
1726	1921
1727	1922
1728	1923
1729	1924
1730	1925
1731	1926
1732	1927
1733	1928
1734	1929
1735	1930
1736	1931
1737	1932
1738	1933
1739	1934
1740	1936
1741	1937
1742	1938
1743	1939
1744	1940
1745	1941
1746	1942
1747	1944
1748	1945
1749	1946
1750	1947
1751	1948
1752	1949
1753	1950
1754	1951
1755	1952
1756	1953
1757	1954
1758	1955
1759	1956
1760	1957
1761	1958
1762	1959
1763	1960
1764	1961
1765	1962
1766	1963
1767	1964
1768	1965
1769	1966
1770	1967
1771	1968
1772	1969
1773	1970
1774	1971
1775	1973
1776	1974
1777	1975
1778	1976
1779	1978
1780	1979
1781	1980
1782	1981
1783	1982
1784	1983
1785	1984
1786	1985
1787	1986
1788	1987
1789	1988
1790	1989
1791	1990
1792	1991
1793	1992
1794	1993
1795	1994
1796	1995
1797	1996
1798	1997
1799	1998
1800	1999
1801	2000
1802	2001
1803	2003
1804	2004
1805	2005
1806	2006
1807	2007
1808	2008
1809	2009
1810	2010
1811	2011
1812	2012
1813	2014
1814	2015
1815	2016
1816	2017
1817	2018
1818	2019
1819	2020
1820	2021
1821	2022
1822	2023
1823	2024
1824	2026
1825	2027
1826	2028
1827	2029
1828	2030
1829	2031
1830	2032
1831	2033
1832	2034
1833	2035
1834	2037
1835	2039
1836	2041
1837	2042
1838	2043
1839	2044
1840	2045
1841	2046
1842	2047
1843	2048
1844	2049
1845	2050
1846	2051
1847	2052
1848	2053
1849	2054
1850	2055
1851	2056
1852	2057
1853	2058
1854	2059
1855	2061
1856	2062
1857	2063
1858	2064
1859	2065
1860	2066
1861	2069
1862	2070
1863	2071
1864	2072
1865	2073
1866	2074
1867	2075
1868	2076
1869	2077
1870	2078
1871	2079
1872	2080
1873	2081
1874	2082
1875	2083
1876	2084
1877	2085
1878	2086
1879	2087
1880	2088
1881	2089
1882	2090
1883	2091
1884	2092
1885	2093
1886	2094
1887	2095
1888	2097
1889	2098
1890	2099
1891	2100
1892	2101
1893	2102
1894	2103
1895	2104
1896	2105
1897	2106
1898	2107
1899	2108
1900	2109
1901	2110
1902	2111
1903	2112
1904	2113
1905	2115
1906	2116
1907	2117
1908	2118
1909	2119
1910	2120
1911	2121
1912	2122
1913	2123
1914	2124
1915	2125
1916	2126
1917	2127
1918	2129
1919	2130
1920	2131
1921	2132
1922	2133
1923	2134
1924	2135
1925	2136
1926	2137
1927	2138
1928	2139
1929	2140
1930	2141
1931	2142
1932	2143
1933	2144
1934	2145
1935	2146
1936	2147
1937	2149
1938	2151
1939	2152
1940	2154
1941	2155
1942	2156
1943	2157
1944	2158
1945	2159
1946	2160
1947	2161
1948	2162
1949	2163
1950	2164
1951	2165
1952	2166
1953	2167
1954	2168
1955	2169
1956	2170
1957	2171
1958	2172
1959	2173
1960	2174
1961	2176
1962	2177
1963	2178
1964	2179
1965	2180
1966	2181
1967	2182
1968	2183
1969	2184
1970	2185
1971	2186
1972	2187
1973	2188
1974	2189
1975	2190
1976	2191
1977	2192
1978	2193
1979	2194
1980	2195
1981	2196
1982	2198
1983	2199
1984	2200
1985	2201
1986	2202
1987	2203
1988	2204
1989	2205
1990	2206
1991	2207
1992	2208
1993	2209
1994	2210
1995	2211
1996	2212
1997	2214
1998	2215
1999	2216
2000	2217
2001	2218
2002	2219
2003	2220
2004	2221
2005	2223
2006	2224
2007	2225
2008	2226
2009	2227
2010	2228
2011	2229
2012	2230
2013	2231
2014	2232
2015	2233
2016	2234
2017	2236
2018	2237
2019	2238
2020	2239
2021	2240
2022	2241
2023	2242
2024	2244
2025	2245
2026	2246
2027	2247
2028	2248
2029	2249
2030	2251
2031	2252
2032	2254
2033	2255
2034	2256
2035	2258
2036	2259
2037	2261
2038	2262
2039	2263
2040	2264
2041	2265
2042	2266
2043	2267
2044	2268
2045	2269
2046	2271
2047	2274
2048	2275
2049	2276
2050	2277
2051	2278
2052	2279
2053	2280
2054	2281
2055	2282
2056	2283
2057	2284
2058	2285
2059	2286
2060	2287
2061	2288
2062	2289
2063	2291
2064	2292
2065	2293
2066	2294
2067	2295
2068	2296
2069	2297
2070	2298
2071	2299
2072	2300
2073	2301
2074	2302
2075	2303
2076	2304
2077	2305
2078	2306
2079	2307
2080	2308
2081	2309
2082	2310
2083	2311
2084	2312
2085	2313
2086	2314
2087	2315
2088	2318
2089	2319
2090	2320
2091	2321
2092	2322
2093	2323
2094	2324
2095	2325
2096	2326
2097	2327
2098	2328
2099	2329
2100	2330
2101	2331
2102	2332
2103	2333
2104	2334
2105	2335
2106	2336
2107	2337
2108	2339
2109	2340
2110	2341
2111	2342
2112	2343
2113	2344
2114	2345
2115	2346
2116	2347
2117	2348
2118	2349
2119	2350
2120	2351
2121	2352
2122	2353
2123	2354
2124	2355
2125	2356
2126	2357
2127	2358
2128	2359
2129	2360
2130	2361
2131	2362
2132	2363
2133	2364
2134	2365
2135	2366
2136	2367
2137	2368
2138	2370
2139	2371
2140	2372
2141	2373
2142	2374
2143	2375
2144	2377
2145	2378
2146	2379
2147	2380
2148	2381
2149	2382
2150	2383
2151	2385
2152	2386
2153	2387
2154	2388
2155	2389
2156	2390
2157	2391
2158	2392
2159	2393
2160	2394
2161	2395
2162	2396
2163	2397
2164	2399
2165	2400
2166	2401
2167	2402
2168	2403
2169	2404
2170	2405
2171	2406
2172	2408
2173	2409
2174	2410
2175	2411
2176	2413
2177	2414
2178	2415
2179	2416
2180	2417
2181	2419
2182	2420
2183	2422
2184	2423
2185	2424
2186	2425
2187	2426
2188	2427
2189	2428
2190	2429
2191	2430
2192	2432
2193	2433
2194	2434
2195	2435
2196	2436
2197	2438
2198	2439
2199	2440
2200	2441
2201	2442
2202	2443
2203	2445
2204	2446
2205	2447
2206	2448
2207	2449
2208	2450
2209	2451
2210	2452
2211	2453
2212	2455
2213	2456
2214	2457
2215	2458
2216	2459
2217	2460
2218	2461
2219	2463
2220	2464
2221	2465
2222	2466
2223	2467
2224	2468
2225	2469
2226	2470
2227	2471
2228	2472
2229	2473
2230	2474
2231	2475
2232	2476
2233	2477
2234	2478
2235	2479
2236	2480
2237	2481
2238	2482
2239	2483
2240	2484
2241	2485
2242	2486
2243	2487
2244	2489
2245	2490
2246	2491
2247	2493
2248	2494
2249	2495
2250	2496
2251	2497
2252	2498
2253	2499
2254	2500
2255	2501
2256	2502
2257	2503
2258	2504
2259	2505
2260	2507
2261	2508
2262	2509
2263	2511
2264	2512
2265	2513
2266	2514
2267	2515
2268	2516
2269	2517
2270	2518
2271	2519
2272	2520
2273	2521
2274	2522
2275	2523
2276	2524
2277	2525
2278	2526
2279	2527
2280	2529
2281	2530
2282	2531
2283	2532
2284	2533
2285	2534
2286	2535
2287	2536
2288	2537
2289	2539
2290	2540
2291	2541
2292	2542
2293	2543
2294	2544
2295	2546
2296	2547
2297	2548
2298	2549
2299	2550
2300	2551
2301	2553
2302	2554
2303	2555
2304	2556
2305	2557
2306	2558
2307	2559
2308	2560
2309	2561
2310	2563
2311	2564
2312	2565
2313	2566
2314	2567
2315	2568
2316	2569
2317	2570
2318	2571
2319	2572
2320	2573
2321	2574
2322	2575
2323	2576
2324	2577
2325	2579
2326	2580
2327	2581
2328	2582
2329	2583
2330	2584
2331	2585
2332	2586
2333	2587
2334	2588
2335	2589
2336	2590
2337	2591
2338	2592
2339	2593
2340	2594
2341	2595
2342	2596
2343	2597
2344	2598
2345	2599
2346	2601
2347	2602
2348	2603
2349	2605
2350	2606
2351	2608
2352	2609
2353	2610
2354	2611
2355	2612
2356	2613
2357	2615
2358	2616
2359	2617
2360	2620
2361	2621
2362	2622
2363	2623
2364	2624
2365	2625
2366	2626
2367	2627
2368	2629
2369	2630
2370	2631
2371	2632
2372	2633
2373	2634
2374	2635
2375	2636
2376	2637
2377	2638
2378	2639
2379	2640
2380	2641
2381	2642
2382	2643
2383	2644
2384	2645
2385	2646
2386	2647
2387	2648
2388	2649
2389	2650
2390	2651
2391	2652
2392	2653
2393	2654
2394	2655
2395	2656
2396	2657
2397	2658
2398	2660
2399	2661
2400	2662
2401	2663
2402	2665
2403	2666
2404	2667
2405	2668
2406	2669
2407	2670
2408	2671
2409	2672
2410	2673
2411	2674
2412	2675
2413	2676
2414	2677
2415	2678
2416	2681
2417	2683
2418	2684
2419	2685
2420	2686
2421	2687
2422	2688
2423	2689
2424	2690
2425	2691
2426	2692
2427	2693
2428	2694
2429	2695
2430	2696
2431	2697
2432	2698
2433	2699
2434	2700
2435	2701
2436	2702
2437	2703
2438	2704
2439	2706
2440	2707
2441	2708
2442	2709
2443	2710
2444	2711
2445	2712
2446	2713
2447	2714
2448	2715
2449	2716
2450	2717
2451	2718
2452	2719
2453	2720
2454	2721
2455	2722
2456	2723
2457	2724
2458	2725
2459	2726
2460	2727
2461	2728
2462	2729
2463	2731
2464	2732
2465	2734
2466	2736
2467	2737
2468	2738
2469	2740
2470	2741
2471	2743
2472	2744
2473	2745
2474	2746
2475	2747
2476	2748
2477	2749
2478	2750
2479	2752
2480	2753
2481	2754
2482	2755
2483	2756
2484	2757
2485	2758
2486	2759
2487	2760
2488	2762
2489	2763
2490	2764
2491	2765
2492	2766
2493	2767
2494	2768
2495	2769
2496	2770
2497	2771
2498	2772
2499	2774
2500	2775
2501	2776
2502	2778
2503	2779
2504	2780
2505	2781
2506	2782
2507	2783
2508	2784
2509	2785
2510	2786
2511	2787
2512	2788
2513	2790
2514	2791
2515	2792
2516	2793
2517	2794
2518	2795
2519	2796
2520	2797
2521	2798
2522	2799
2523	2800
2524	2801
2525	2802
2526	2803
2527	2804
2528	2805
2529	2807
2530	2808
2531	2809
2532	2810
2533	2812
2534	2813
2535	2814
2536	2815
2537	2816
2538	2817
2539	2818
2540	2820
2541	2821
2542	2822
2543	2823
2544	2824
2545	2826
2546	2827
2547	2829
2548	2830
2549	2831
2550	2832
2551	2833
2552	2835
2553	2836
2554	2837
2555	2838
2556	2839
2557	2840
2558	2841
2559	2842
2560	2844
2561	2845
2562	2846
2563	2847
2564	2848
2565	2849
2566	2850
2567	2851
2568	2852
2569	2853
2570	2854
2571	2856
2572	2857
2573	2858
2574	2859
2575	2860
2576	2861
2577	2862
2578	2863
2579	2864
2580	2865
2581	2866
2582	2867
2583	2868
2584	2869
2585	2870
2586	2871
2587	2873
2588	2874
2589	2875
2590	2876
2591	2877
2592	2878
2593	2879
2594	2880
2595	2881
2596	2882
2597	2883
2598	2886
2599	2887
2600	2888
2601	2889
2602	2891
2603	2892
2604	2893
2605	2895
2606	2896
2607	2897
2608	2898
2609	2899
2610	2900
2611	2901
2612	2902
2613	2903
2614	2904
2615	2905
2616	2907
2617	2908
2618	2909
2619	2910
2620	2911
2621	2913
2622	2914
2623	2915
2624	2916
2625	2917
2626	2918
2627	2919
2628	2920
2629	2921
2630	2922
2631	2923
2632	2924
2633	2925
2634	2926
2635	2927
2636	2928
2637	2929
2638	2930
2639	2932
2640	2934
2641	2935
2642	2937
2643	2938
2644	2939
2645	2940
2646	2941
2647	2942
2648	2943
2649	2944
2650	2946
2651	2947
2652	2948
2653	2949
2654	2950
2655	2951
2656	2952
2657	2953
2658	2954
2659	2955
2660	2956
2661	2957
2662	2958
2663	2959
2664	2960
2665	2961
2666	2962
2667	2963
2668	2964
2669	2966
2670	2968
2671	2971
2672	2972
2673	2973
2674	2974
2675	2975
2676	2976
2677	2977
2678	2979
2679	2980
2680	2982
2681	2983
2682	2984
2683	2985
2684	2986
2685	2987
2686	2988
2687	2989
2688	2990
2689	2991
2690	2992
2691	2993
2692	2994
2693	2995
2694	2996
2695	2998
2696	2999
2697	3000
2698	3001
2699	3002
2700	3004
2701	3005
2702	3006
2703	3007
2704	3008
2705	3009
2706	3010
2707	3011
2708	3012
2709	3014
2710	3015
2711	3016
2712	3017
2713	3018
2714	3019
2715	3020
2716	3021
2717	3022
2718	3023
2719	3024
2720	3025
2721	3026
2722	3028
2723	3029
2724	3030
2725	3031
2726	3032
2727	3034
2728	3035
2729	3036
2730	3037
2731	3038
2732	3039
2733	3040
2734	3042
2735	3043
2736	3044
2737	3045
2738	3046
2739	3047
2740	3048
2741	3049
2742	3050
2743	3051
2744	3052
2745	3053
2746	3054
2747	3055
2748	3056
2749	3057
2750	3058
2751	3059
2752	3060
2753	3061
2754	3063
2755	3064
2756	3065
2757	3066
2758	3067
2759	3069
2760	3070
2761	3071
2762	3072
2763	3073
2764	3074
2765	3075
2766	3076
2767	3077
2768	3078
2769	3079
2770	3080
2771	3081
2772	3082
2773	3083
2774	3085
2775	3086
2776	3087
2777	3088
2778	3089
2779	3091
2780	3092
2781	3093
2782	3094
2783	3096
2784	3097
2785	3098
2786	3099
2787	3100
2788	3101
2789	3102
2790	3103
2791	3104
2792	3105
2793	3106
2794	3107
2795	3108
2796	3109
2797	3110
2798	3111
2799	3112
2800	3113
2801	3114
2802	3115
2803	3116
2804	3117
2805	3118
2806	3119
2807	3120
2808	3121
2809	3122
2810	3123
2811	3124
2812	3125
2813	3126
2814	3127
2815	3128
2816	3129
2817	3130
2818	3131
2819	3132
2820	3133
2821	3134
2822	3135
2823	3136
2824	3137
2825	3138
2826	3139
2827	3140
2828	3141
2829	3142
2830	3143
2831	3144
2832	3145
2833	3146
2834	3147
2835	3148
2836	3149
2837	3150
2838	3151
2839	3152
2840	3153
2841	3154
2842	3155
2843	3156
2844	3157
2845	3158
2846	3160
2847	3161
2848	3162
2849	3163
2850	3164
2851	3165
2852	3166
2853	3168
2854	3169
2855	3171
2856	3173
2857	3174
2858	3175
2859	3176
2860	3177
2861	3178
2862	3179
2863	3181
2864	3182
2865	3183
2866	3184
2867	3185
2868	3186
2869	3187
2870	3188
2871	3189
2872	3190
2873	3191
2874	3192
2875	3193
2876	3194
2877	3196
2878	3197
2879	3198
2880	3199
2881	3200
2882	3202
2883	3203
2884	3204
2885	3205
2886	3206
2887	3207
2888	3208
2889	3209
2890	3210
2891	3211
2892	3212
2893	3213
2894	3214
2895	3215
2896	3216
2897	3217
2898	3218
2899	3219
2900	3220
2901	3221
2902	3222
2903	3223
2904	3225
2905	3226
2906	3227
2907	3228
2908	3229
2909	3230
2910	3231
2911	3233
2912	3234
2913	3235
2914	3236
2915	3237
2916	3238
2917	3239
2918	3240
2919	3241
2920	3242
2921	3243
2922	3244
2923	3246
2924	3247
2925	3248
2926	3250
2927	3251
2928	3252
2929	3253
2930	3254
2931	3255
2932	3258
2933	3259
2934	3261
2935	3262
2936	3263
2937	3264
2938	3265
2939	3266
2940	3268
2941	3269
2942	3270
2943	3271
2944	3272
2945	3273
2946	3274
2947	3275
2948	3276
2949	3277
2950	3278
2951	3279
2952	3280
2953	3281
2954	3282
2955	3283
2956	3284
2957	3285
2958	3286
2959	3287
2960	3288
2961	3290
2962	3291
2963	3292
2964	3293
2965	3294
2966	3295
2967	3296
2968	3297
2969	3298
2970	3299
2971	3301
2972	3302
2973	3303
2974	3304
2975	3305
2976	3306
2977	3307
2978	3309
2979	3310
2980	3311
2981	3312
2982	3313
2983	3314
2984	3315
2985	3316
2986	3317
2987	3318
2988	3319
2989	3320
2990	3321
2991	3322
2992	3323
2993	3324
2994	3325
2995	3326
2996	3327
2997	3328
2998	3329
2999	3331
3000	3333
3001	3334
3002	3335
3003	3336
3004	3337
3005	3338
3006	3339
3007	3340
3008	3341
3009	3342
3010	3343
3011	3344
3012	3345
3013	3346
3014	3349
3015	3350
3016	3351
3017	3352
3018	3353
3019	3354
3020	3355
3021	3356
3022	3358
3023	3359
3024	3360
3025	3361
3026	3362
3027	3363
3028	3364
3029	3365
3030	3366
3031	3367
3032	3368
3033	3369
3034	3370
3035	3371
3036	3372
3037	3373
3038	3374
3039	3375
3040	3376
3041	3377
3042	3378
3043	3379
3044	3380
3045	3381
3046	3382
3047	3383
3048	3384
3049	3386
3050	3387
3051	3388
3052	3389
3053	3390
3054	3391
3055	3392
3056	3393
3057	3394
3058	3395
3059	3396
3060	3397
3061	3399
3062	3400
3063	3401
3064	3402
3065	3403
3066	3404
3067	3405
3068	3406
3069	3407
3070	3408
3071	3409
3072	3410
3073	3411
3074	3412
3075	3413
3076	3415
3077	3416
3078	3417
3079	3418
3080	3419
3081	3420
3082	3421
3083	3422
3084	3423
3085	3424
3086	3425
3087	3426
3088	3427
3089	3428
3090	3429
3091	3430
3092	3432
3093	3433
3094	3434
3095	3435
3096	3436
3097	3437
3098	3438
3099	3439
3100	3440
3101	3442
3102	3443
3103	3444
3104	3445
3105	3446
3106	3447
3107	3448
3108	3449
3109	3450
3110	3451
3111	3452
3112	3453
3113	3454
3114	3455
3115	3456
3116	3457
3117	3458
3118	3459
3119	3460
3120	3461
3121	3462
3122	3463
3123	3464
3124	3466
3125	3468
3126	3469
3127	3470
3128	3471
3129	3472
3130	3473
3131	3474
3132	3476
3133	3477
3134	3478
3135	3479
3136	3482
3137	3484
3138	3485
3139	3486
3140	3487
3141	3488
3142	3489
3143	3490
3144	3491
3145	3492
3146	3493
3147	3496
3148	3497
3149	3498
3150	3499
3151	3500
3152	3501
3153	3502
3154	3503
3155	3504
3156	3505
3157	3506
3158	3507
3159	3508
3160	3510
3161	3511
3162	3512
3163	3513
3164	3515
3165	3516
3166	3517
3167	3518
3168	3519
3169	3520
3170	3521
3171	3522
3172	3523
3173	3524
3174	3525
3175	3526
3176	3527
3177	3528
3178	3529
3179	3530
3180	3531
3181	3532
3182	3534
3183	3535
3184	3537
3185	3538
3186	3539
3187	3540
3188	3541
3189	3543
3190	3544
3191	3545
3192	3546
3193	3548
3194	3549
3195	3550
3196	3551
3197	3552
3198	3553
3199	3554
3200	3555
3201	3556
3202	3557
3203	3558
3204	3560
3205	3561
3206	3562
3207	3563
3208	3564
3209	3566
3210	3567
3211	3568
3212	3569
3213	3570
3214	3571
3215	3572
3216	3573
3217	3574
3218	3575
3219	3577
3220	3578
3221	3579
3222	3580
3223	3581
3224	3582
3225	3584
3226	3585
3227	3586
3228	3587
3229	3588
3230	3589
3231	3591
3232	3592
3233	3593
3234	3594
3235	3595
3236	3596
3237	3597
3238	3598
3239	3599
3240	3600
3241	3601
3242	3602
3243	3603
3244	3604
3245	3605
3246	3606
3247	3607
3248	3608
3249	3609
3250	3610
3251	3611
3252	3612
3253	3613
3254	3614
3255	3615
3256	3616
3257	3617
3258	3618
3259	3620
3260	3621
3261	3622
3262	3624
3263	3625
3264	3626
3265	3627
3266	3628
3267	3629
3268	3630
3269	3631
3270	3632
3271	3633
3272	3634
3273	3635
3274	3636
3275	3637
3276	3638
3277	3639
3278	3640
3279	3641
3280	3642
3281	3643
3282	3644
3283	3645
3284	3646
3285	3647
3286	3648
3287	3649
3288	3650
3289	3651
3290	3652
3291	3653
3292	3654
3293	3655
3294	3656
3295	3657
3296	3658
3297	3659
3298	3660
3299	3661
3300	3662
3301	3663
3302	3664
3303	3665
3304	3666
3305	3667
3306	3668
3307	3669
3308	3670
3309	3671
3310	3672
3311	3673
3312	3674
3313	3675
3314	3677
3315	3678
3316	3679
3317	3680
3318	3681
3319	3682
3320	3683
3321	3684
3322	3686
3323	3687
3324	3688
3325	3690
3326	3692
3327	3693
3328	3694
3329	3695
3330	3696
3331	3697
3332	3698
3333	3699
3334	3700
3335	3701
3336	3702
3337	3703
3338	3705
3339	3706
3340	3707
3341	3708
3342	3709
3343	3710
3344	3711
3345	3712
3346	3713
3347	3714
3348	3715
3349	3716
3350	3717
3351	3718
3352	3719
3353	3720
3354	3721
3355	3722
3356	3723
3357	3724
3358	3725
3359	3726
3360	3727
3361	3728
3362	3729
3363	3730
3364	3731
3365	3732
3366	3733
3367	3734
3368	3735
3369	3736
3370	3737
3371	3738
3372	3739
3373	3740
3374	3741
3375	3742
3376	3743
3377	3744
3378	3745
3379	3746
3380	3747
3381	3748
3382	3749
3383	3751
3384	3752
3385	3753
3386	3755
3387	3756
3388	3757
3389	3758
3390	3759
3391	3760
3392	3762
3393	3763
3394	3764
3395	3765
3396	3766
3397	3767
3398	3768
3399	3769
3400	3770
3401	3771
3402	3772
3403	3774
3404	3775
3405	3777
3406	3778
3407	3779
3408	3780
3409	3781
3410	3782
3411	3783
3412	3784
3413	3785
3414	3786
3415	3787
3416	3788
3417	3789
3418	3790
3419	3791
3420	3793
3421	3794
3422	3795
3423	3796
3424	3797
3425	3799
3426	3800
3427	3801
3428	3802
3429	3803
3430	3804
3431	3805
3432	3806
3433	3808
3434	3809
3435	3810
3436	3812
3437	3813
3438	3814
3439	3815
3440	3816
3441	3817
3442	3818
3443	3819
3444	3820
3445	3821
3446	3822
3447	3823
3448	3824
3449	3825
3450	3826
3451	3827
3452	3828
3453	3829
3454	3830
3455	3831
3456	3833
3457	3834
3458	3835
3459	3836
3460	3837
3461	3838
3462	3839
3463	3840
3464	3841
3465	3842
3466	3843
3467	3844
3468	3845
3469	3846
3470	3847
3471	3848
3472	3850
3473	3851
3474	3853
3475	3854
3476	3855
3477	3857
3478	3858
3479	3859
3480	3860
3481	3861
3482	3862
3483	3863
3484	3864
3485	3865
3486	3867
3487	3868
3488	3869
3489	3870
3490	3871
3491	3872
3492	3873
3493	3874
3494	3875
3495	3876
3496	3877
3497	3878
3498	3879
3499	3880
3500	3881
3501	3883
3502	3884
3503	3885
3504	3886
3505	3887
3506	3888
3507	3889
3508	3890
3509	3891
3510	3892
3511	3893
3512	3894
3513	3895
3514	3896
3515	3897
3516	3898
3517	3899
3518	3900
3519	3901
3520	3902
3521	3903
3522	3904
3523	3905
3524	3906
3525	3907
3526	3908
3527	3910
3528	3911
3529	3912
3530	3913
3531	3914
3532	3915
3533	3917
3534	3918
3535	3919
3536	3920
3537	3921
3538	3922
3539	3923
3540	3924
3541	3925
3542	3927
3543	3928
3544	3929
3545	3930
3546	3931
3547	3932
3548	3934
3549	3935
3550	3936
3551	3937
3552	3938
3553	3939
3554	3940
3555	3941
3556	3942
3557	3943
3558	3944
3559	3946
3560	3948
3561	3949
3562	3950
3563	3951
3564	3952
3565	3953
3566	3954
3567	3955
3568	3956
3569	3957
3570	3958
3571	3959
3572	3960
3573	3961
3574	3962
3575	3963
3576	3964
3577	3965
3578	3966
3579	3967
3580	3968
3581	3969
3582	3970
3583	3971
3584	3972
3585	3974
3586	3975
3587	3976
3588	3977
3589	3978
3590	3979
3591	3980
3592	3981
3593	3982
3594	3983
3595	3984
3596	3985
3597	3986
3598	3988
3599	3989
3600	3990
3601	3991
3602	3992
3603	3993
3604	3994
3605	3995
3606	3996
3607	3997
3608	3999
3609	4000
3610	4001
3611	4003
3612	4004
3613	4005
3614	4006
3615	4007
3616	4008
3617	4009
3618	4010
3619	4011
3620	4012
3621	4013
3622	4014
3623	4015
3624	4016
3625	4017
3626	4018
3627	4019
3628	4020
3629	4021
3630	4022
3631	4023
3632	4024
3633	4025
3634	4027
3635	4028
3636	4029
3637	4030
3638	4031
3639	4032
3640	4033
3641	4034
3642	4035
3643	4036
3644	4038
3645	4039
3646	4040
3647	4041
3648	4043
3649	4044
3650	4045
3651	4046
3652	4047
3653	4048
3654	4049
3655	4050
3656	4051
3657	4052
3658	4053
3659	4054
3660	4055
3661	4056
3662	4057
3663	4058
3664	4059
3665	4061
3666	4062
3667	4063
3668	4064
3669	4065
3670	4066
3671	4067
3672	4068
3673	4069
3674	4071
3675	4072
3676	4073
3677	4074
3678	4075
3679	4076
3680	4077
3681	4078
3682	4079
3683	4081
3684	4082
3685	4083
3686	4084
3687	4085
3688	4086
3689	4087
3690	4088
3691	4089
3692	4091
3693	4092
3694	4093
3695	4094
3696	4095
3697	4096
3698	4097
3699	4098
3700	4099
3701	4100
3702	4101
3703	4102
3704	4103
3705	4104
3706	4105
3707	4106
3708	4107
3709	4108
3710	4109
3711	4110
3712	4111
3713	4112
3714	4113
3715	4114
3716	4115
3717	4116
3718	4118
3719	4119
3720	4120
3721	4121
3722	4122
3723	4123
3724	4124
3725	4126
3726	4127
3727	4128
3728	4129
3729	4130
3730	4131
3731	4132
3732	4133
3733	4134
3734	4135
3735	4137
3736	4138
3737	4139
3738	4140
3739	4141
3740	4142
3741	4143
3742	4144
3743	4145
3744	4146
3745	4147
3746	4148
3747	4149
3748	4150
3749	4151
3750	4152
3751	4153
3752	4154
3753	4155
3754	4156
3755	4158
3756	4159
3757	4161
3758	4162
3759	4163
3760	4165
3761	4166
3762	4167
3763	4168
3764	4169
3765	4170
3766	4171
3767	4172
3768	4175
3769	4176
3770	4177
3771	4178
3772	4179
3773	4180
3774	4181
3775	4182
3776	4184
3777	4185
3778	4186
3779	4188
3780	4190
3781	4191
3782	4192
3783	4193
3784	4194
3785	4195
3786	4196
3787	4197
3788	4198
3789	4200
3790	4201
3791	4202
3792	4204
3793	4205
3794	4206
3795	4207
3796	4208
3797	4209
3798	4210
3799	4211
3800	4212
3801	4213
3802	4214
3803	4215
3804	4216
3805	4217
3806	4218
3807	4219
3808	4220
3809	4221
3810	4222
3811	4223
3812	4225
3813	4227
3814	4228
3815	4229
3816	4230
3817	4231
3818	4232
3819	4233
3820	4234
3821	4235
3822	4236
3823	4237
3824	4238
3825	4239
3826	4240
3827	4241
3828	4242
3829	4244
3830	4246
3831	4247
3832	4248
3833	4250
3834	4251
3835	4252
3836	4254
3837	4255
3838	4256
3839	4257
3840	4258
3841	4259
3842	4260
3843	4261
3844	4262
3845	4263
3846	4264
3847	4265
3848	4266
3849	4267
3850	4268
3851	4269
3852	4270
3853	4271
3854	4272
3855	4274
3856	4275
3857	4276
3858	4278
3859	4279
3860	4280
3861	4281
3862	4282
3863	4284
3864	4285
3865	4286
3866	4287
3867	4288
3868	4289
3869	4291
3870	4292
3871	4293
3872	4294
3873	4295
3874	4296
3875	4297
3876	4298
3877	4300
3878	4301
3879	4302
3880	4304
3881	4305
3882	4306
3883	4307
3884	4309
3885	4310
3886	4311
3887	4312
3888	4314
3889	4315
3890	4316
3891	4317
3892	4318
3893	4320
3894	4321
3895	4322
3896	4323
3897	4324
3898	4326
3899	4327
3900	4328
3901	4329
3902	4331
3903	4332
3904	4333
3905	4334
3906	4335
3907	4336
3908	4337
3909	4339
3910	4340
3911	4341
3912	4342
3913	4343
3914	4344
3915	4345
3916	4346
3917	4347
3918	4348
3919	4349
3920	4350
3921	4352
3922	4353
3923	4354
3924	4356
3925	4357
3926	4358
3927	4359
3928	4360
3929	4361
3930	4362
3931	4363
3932	4364
3933	4365
3934	4366
3935	4367
3936	4368
3937	4369
3938	4370
3939	4371
3940	4372
3941	4373
3942	4374
3943	4376
3944	4377
3945	4378
3946	4379
3947	4380
3948	4381
3949	4382
3950	4383
3951	4384
3952	4385
3953	4386
3954	4387
3955	4388
3956	4389
3957	4390
3958	4391
3959	4392
3960	4393
3961	4394
3962	4395
3963	4396
3964	4397
3965	4398
3966	4399
3967	4400
3968	4401
3969	4402
3970	4403
3971	4404
3972	4405
3973	4406
3974	4407
3975	4409
3976	4411
3977	4412
3978	4413
3979	4414
3980	4415
3981	4416
3982	4417
3983	4418
3984	4419
3985	4420
3986	4421
3987	4422
3988	4424
3989	4426
3990	4427
3991	4428
3992	4429
3993	4431
3994	4432
3995	4433
3996	4434
3997	4435
3998	4436
3999	4438
4000	4439
4001	4440
4002	4442
4003	4443
4004	4444
4005	4446
4006	4447
4007	4448
4008	4449
4009	4452
4010	4453
4011	4454
4012	4455
4013	4456
4014	4457
4015	4458
4016	4459
4017	4460
4018	4462
4019	4463
4020	4464
4021	4465
4022	4466
4023	4467
4024	4468
4025	4469
4026	4470
4027	4471
4028	4472
4029	4474
4030	4475
4031	4476
4032	4477
4033	4478
4034	4479
4035	4480
4036	4481
4037	4482
4038	4483
4039	4484
4040	4486
4041	4487
4042	4488
4043	4489
4044	4490
4045	4491
4046	4492
4047	4493
4048	4494
4049	4495
4050	4496
4051	4497
4052	4498
4053	4500
4054	4502
4055	4503
4056	4504
4057	4505
4058	4506
4059	4507
4060	4508
4061	4509
4062	4510
4063	4511
4064	4513
4065	4514
4066	4515
4067	4516
4068	4517
4069	4518
4070	4519
4071	4520
4072	4521
4073	4522
4074	4523
4075	4524
4076	4525
4077	4526
4078	4527
4079	4528
4080	4529
4081	4530
4082	4531
4083	4532
4084	4533
4085	4535
4086	4536
4087	4537
4088	4538
4089	4539
4090	4541
4091	4542
4092	4543
4093	4544
4094	4545
4095	4546
4096	4548
4097	4549
4098	4550
4099	4551
4100	4552
4101	4553
4102	4554
4103	4555
4104	4556
4105	4558
4106	4559
4107	4560
4108	4561
4109	4562
4110	4563
4111	4564
4112	4565
4113	4566
4114	4567
4115	4568
4116	4569
4117	4570
4118	4571
4119	4572
4120	4573
4121	4574
4122	4576
4123	4578
4124	4580
4125	4581
4126	4582
4127	4583
4128	4584
4129	4585
4130	4586
4131	4587
4132	4589
4133	4590
4134	4591
4135	4592
4136	4593
4137	4594
4138	4595
4139	4596
4140	4597
4141	4598
4142	4600
4143	4601
4144	4602
4145	4603
4146	4604
4147	4605
4148	4606
4149	4607
4150	4608
4151	4609
4152	4610
4153	4611
4154	4612
4155	4613
4156	4614
4157	4615
4158	4616
4159	4618
4160	4619
4161	4620
4162	4621
4163	4622
4164	4623
4165	4624
4166	4625
4167	4626
4168	4627
4169	4628
4170	4630
4171	4631
4172	4632
4173	4633
4174	4634
4175	4635
4176	4636
4177	4637
4178	4638
4179	4639
4180	4640
4181	4641
4182	4642
4183	4643
4184	4644
4185	4645
4186	4646
4187	4648
4188	4649
4189	4650
4190	4651
4191	4652
4192	4653
4193	4654
4194	4655
4195	4656
4196	4657
4197	4658
4198	4659
4199	4660
4200	4661
4201	4662
4202	4663
4203	4664
4204	4667
4205	4668
4206	4669
4207	4671
4208	4672
4209	4673
4210	4674
4211	4675
4212	4676
4213	4677
4214	4678
4215	4679
4216	4680
4217	4681
4218	4682
4219	4684
4220	4685
4221	4686
4222	4687
4223	4688
4224	4689
4225	4690
4226	4691
4227	4692
4228	4693
4229	4694
4230	4695
4231	4696
4232	4697
4233	4698
4234	4699
4235	4700
4236	4701
4237	4702
4238	4703
4239	4704
4240	4705
4241	4707
4242	4708
4243	4709
4244	4710
4245	4711
4246	4712
4247	4713
4248	4715
4249	4716
4250	4717
4251	4718
4252	4719
4253	4720
4254	4721
4255	4722
4256	4723
4257	4724
4258	4725
4259	4726
4260	4727
4261	4728
4262	4729
4263	4730
4264	4731
4265	4732
4266	4733
4267	4734
4268	4735
4269	4736
4270	4737
4271	4739
4272	4740
4273	4741
4274	4742
4275	4743
4276	4744
4277	4745
4278	4746
4279	4747
4280	4748
4281	4749
4282	4750
4283	4751
4284	4752
4285	4753
4286	4754
4287	4755
4288	4756
4289	4758
4290	4759
4291	4760
4292	4761
4293	4762
4294	4763
4295	4764
4296	4765
4297	4766
4298	4767
4299	4768
4300	4769
4301	4770
4302	4771
4303	4772
4304	4773
4305	4774
4306	4775
4307	4776
4308	4777
4309	4778
4310	4779
4311	4780
4312	4781
4313	4782
4314	4783
4315	4784
4316	4785
4317	4786
4318	4787
4319	4788
4320	4789
4321	4790
4322	4791
4323	4792
4324	4793
4325	4794
4326	4795
4327	4796
4328	4797
4329	4798
4330	4799
4331	4801
4332	4802
4333	4803
4334	4804
4335	4805
4336	4806
4337	4808
4338	4809
4339	4810
4340	4812
4341	4813
4342	4816
4343	4817
4344	4818
4345	4820
4346	4821
4347	4822
4348	4824
4349	4825
4350	4826
4351	4827
4352	4829
4353	4831
4354	4834
4355	4835
4356	4836
4357	4837
4358	4838
4359	4840
4360	4841
4361	4842
4362	4843
4363	4844
4364	4845
4365	4847
4366	4848
4367	4849
4368	4850
4369	4851
4370	4852
4371	4853
4372	4854
4373	4855
4374	4856
4375	4858
4376	4859
4377	4861
4378	4862
4379	4863
4380	4864
4381	4865
4382	4866
4383	4868
4384	4869
4385	4870
4386	4871
4387	4872
4388	4873
4389	4874
4390	4875
4391	4876
4392	4878
4393	4880
4394	4881
4395	4882
4396	4883
4397	4884
4398	4887
4399	4888
4400	4889
4401	4890
4402	4891
4403	4892
4404	4894
4405	4895
4406	4896
4407	4897
4408	4898
4409	4899
4410	4900
4411	4901
4412	4903
4413	4904
4414	4905
4415	4907
4416	4908
4417	4909
4418	4911
4419	4912
4420	4913
4421	4914
4422	4916
4423	4917
4424	4918
4425	4919
4426	4921
4427	4922
4428	4923
4429	4926
4430	4927
4431	4928
4432	4929
4433	4930
4434	4931
4435	4933
4436	4934
4437	4935
4438	4937
4439	4938
4440	4939
4441	4940
4442	4942
4443	4943
4444	4944
4445	4945
4446	4946
4447	4947
4448	4948
4449	4949
4450	4950
4451	4951
4452	4952
4453	4953
4454	4954
4455	4955
4456	4956
4457	4957
4458	4958
4459	4959
4460	4960
4461	4961
4462	4962
4463	4963
4464	4964
4465	4965
4466	4966
4467	4967
4468	4968
4469	4969
4470	4970
4471	4971
4472	4972
4473	4973
4474	4974
4475	4975
4476	4976
4477	4977
4478	4978
4479	4979
4480	4980
4481	4981
4482	4982
4483	4983
4484	4984
4485	4985
4486	4986
4487	4987
4488	4988
4489	4989
4490	4990
4491	4991
4492	4992
4493	4993
4494	4994
4495	4995
4496	4996
4497	4997
4498	4998
4499	4999
4500	5000
4501	5001
4502	5002
4503	5003
4504	5004
4505	5005
4506	5006
4507	5007
4508	5008
4509	5009
4510	5010
4511	5011
4512	5012
4513	5013
4514	5015
4515	5016
4516	5017
4517	5018
4518	5019
4519	5020
4520	5021
4521	5022
4522	5023
4523	5024
4524	5025
4525	5026
4526	5027
4527	5028
4528	5030
4529	5031
4530	5032
4531	5033
4532	5034
4533	5035
4534	5036
4535	5038
4536	5040
4537	5041
4538	5042
4539	5043
4540	5044
4541	5046
4542	5047
4543	5049
4544	5050
4545	5051
4546	5052
4547	5053
4548	5054
4549	5055
4550	5056
4551	5057
4552	5058
4553	5059
4554	5060
4555	5061
4556	5062
4557	5063
4558	5065
4559	5066
4560	5067
4561	5068
4562	5069

test
0	0
1	1
2	4
3	5
4	6
5	12
6	33
7	36
8	60
9	65
10	95
11	145
12	147
13	155
14	166
15	172
16	176
17	180
18	184
19	191
20	197
21	211
22	223
23	231
24	240
25	246
26	247
27	269
28	275
29	280
30	286
31	302
32	306
33	335
34	338
35	348
36	349
37	359
38	379
39	381
40	388
41	408
42	428
43	443
44	466
45	471
46	473
47	489
48	509
49	529
50	552
51	555
52	559
53	561
54	568
55	590
56	603
57	618
58	629
59	646
60	647
61	669
62	670
63	672
64	675
65	677
66	690
67	697
68	700
69	704
70	706
71	709
72	711
73	728
74	751
75	757
76	767
77	768
78	770
79	832
80	833
81	855
82	856
83	867
84	884
85	887
86	893
87	901
88	904
89	906
90	907
91	913
92	935
93	958
94	965
95	984
96	993
97	997
98	1014
99	1055
100	1056
101	1058
102	1061
103	1062
104	1070
105	1082
106	1092
107	1104
108	1117
109	1118
110	1165
111	1178
112	1184
113	1191
114	1192
115	1196
116	1199
117	1203
118	1205
119	1221
120	1231
121	1246
122	1261
123	1263
124	1272
125	1289
126	1316
127	1317
128	1323
129	1332
130	1334
131	1351
132	1353
133	1363
134	1377
135	1410
136	1414
137	1419
138	1433
139	1437
140	1439
141	1457
142	1462
143	1467
144	1470
145	1474
146	1486
147	1489
148	1495
149	1501
150	1511
151	1521
152	1522
153	1542
154	1543
155	1548
156	1557
157	1559
158	1574
159	1603
160	1610
161	1615
162	1620
163	1634
164	1653
165	1657
166	1661
167	1663
168	1665
169	1691
170	1704
171	1705
172	1710
173	1714
174	1722
175	1737
176	1738
177	1755
178	1764
179	1791
180	1799
181	1804
182	1812
183	1825
184	1828
185	1850
186	1866
187	1870
188	1872
189	1875
190	1878
191	1887
192	1911
193	1916
194	1918
195	1935
196	1943
197	1972
198	1977
199	2002
200	2013
201	2025
202	2036
203	2038
204	2040
205	2060
206	2067
207	2068
208	2096
209	2114
210	2128
211	2148
212	2150
213	2153
214	2175
215	2197
216	2213
217	2222
218	2235
219	2243
220	2250
221	2253
222	2257
223	2260
224	2270
225	2272
226	2273
227	2290
228	2316
229	2317
230	2338
231	2369
232	2376
233	2384
234	2398
235	2407
236	2412
237	2418
238	2421
239	2431
240	2437
241	2444
242	2454
243	2462
244	2488
245	2492
246	2506
247	2510
248	2528
249	2538
250	2545
251	2552
252	2562
253	2578
254	2600
255	2604
256	2607
257	2614
258	2618
259	2619
260	2628
261	2659
262	2664
263	2679
264	2680
265	2682
266	2705
267	2730
268	2733
269	2735
270	2739
271	2742
272	2751
273	2761
274	2773
275	2777
276	2789
277	2806
278	2811
279	2819
280	2825
281	2828
282	2834
283	2843
284	2855
285	2872
286	2884
287	2885
288	2890
289	2894
290	2906
291	2912
292	2931
293	2933
294	2936
295	2945
296	2965
297	2967
298	2969
299	2970
300	2978
301	2981
302	2997
303	3003
304	3013
305	3027
306	3033
307	3041
308	3062
309	3068
310	3084
311	3090
312	3095
313	3159
314	3167
315	3170
316	3172
317	3180
318	3195
319	3201
320	3224
321	3232
322	3245
323	3249
324	3256
325	3257
326	3260
327	3267
328	3289
329	3300
330	3308
331	3330
332	3332
333	3347
334	3348
335	3357
336	3385
337	3398
338	3414
339	3431
340	3441
341	3465
342	3467
343	3475
344	3480
345	3481
346	3483
347	3494
348	3495
349	3509
350	3514
351	3533
352	3536
353	3542
354	3547
355	3559
356	3565
357	3576
358	3583
359	3590
360	3619
361	3623
362	3676
363	3685
364	3689
365	3691
366	3704
367	3750
368	3754
369	3761
370	3773
371	3776
372	3792
373	3798
374	3807
375	3811
376	3832
377	3849
378	3852
379	3856
380	3866
381	3882
382	3909
383	3916
384	3926
385	3933
386	3945
387	3947
388	3973
389	3987
390	3998
391	4002
392	4026
393	4037
394	4042
395	4060
396	4070
397	4080
398	4090
399	4117
400	4125
401	4136
402	4157
403	4160
404	4164
405	4173
406	4174
407	4183
408	4187
409	4189
410	4199
411	4203
412	4224
413	4226
414	4243
415	4245
416	4249
417	4253
418	4273
419	4277
420	4283
421	4290
422	4299
423	4303
424	4308
425	4313
426	4319
427	4325
428	4330
429	4338
430	4351
431	4355
432	4375
433	4408
434	4410
435	4423
436	4425
437	4430
438	4437
439	4441
440	4445
441	4450
442	4451
443	4461
444	4473
445	4485
446	4499
447	4501
448	4512
449	4534
450	4540
451	4547
452	4557
453	4575
454	4577
455	4579
456	4588
457	4599
458	4617
459	4629
460	4647
461	4665
462	4666
463	4670
464	4683
465	4706
466	4714
467	4738
468	4757
469	4800
470	4807
471	4811
472	4814
473	4815
474	4819
475	4823
476	4828
477	4830
478	4832
479	4833
480	4839
481	4846
482	4857
483	4860
484	4867
485	4877
486	4879
487	4885
488	4886
489	4893
490	4902
491	4906
492	4910
493	4915
494	4920
495	4924
496	4925
497	4932
498	4936
499	4941
500	5014
501	5029
502	5037
503	5039
504	5045
505	5048
506	5064

fold 2
train
0	0
1	1
2	3
3	4
4	5
5	6
6	7
7	8
8	9
9	10
10	11
11	12
12	13
13	15
14	16
15	17
16	18
17	19
18	20
19	21
20	22
21	23
22	24
23	26
24	28
25	29
26	30
27	31
28	32
29	33
30	34
31	35
32	36
33	37
34	38
35	39
36	41
37	42
38	43
39	46
40	47
41	48
42	49
43	50
44	51
45	52
46	53
47	54
48	55
49	56
50	57
51	58
52	59
53	60
54	61
55	62
56	63
57	64
58	65
59	68
60	69
61	70
62	71
63	72
64	73
65	75
66	76
67	77
68	78
69	79
70	80
71	81
72	82
73	84
74	85
75	86
76	87
77	88
78	89
79	90
80	91
81	92
82	93
83	94
84	95
85	96
86	97
87	98
88	99
89	100
90	101
91	102
92	103
93	104
94	105
95	106
96	107
97	108
98	109
99	110
100	111
101	112
102	114
103	115
104	116
105	117
106	118
107	119
108	120
109	121
110	122
111	123
112	124
113	125
114	126
115	128
116	130
117	131
118	132
119	133
120	134
121	135
122	136
123	137
124	138
125	139
126	140
127	141
128	142
129	143
130	144
131	145
132	146
133	147
134	148
135	149
136	150
137	151
138	152
139	153
140	155
141	156
142	157
143	158
144	159
145	160
146	161
147	162
148	163
149	165
150	166
151	167
152	168
153	169
154	170
155	171
156	172
157	173
158	174
159	175
160	176
161	177
162	178
163	179
164	180
165	181
166	182
167	184
168	185
169	186
170	187
171	188
172	189
173	190
174	191
175	192
176	193
177	194
178	195
179	196
180	197
181	198
182	199
183	200
184	201
185	202
186	203
187	204
188	205
189	206
190	207
191	208
192	209
193	210
194	211
195	212
196	213
197	214
198	215
199	216
200	217
201	218
202	219
203	220
204	221
205	222
206	223
207	224
208	225
209	227
210	228
211	231
212	232
213	233
214	234
215	235
216	236
217	237
218	238
219	239
220	240
221	241
222	242
223	244
224	245
225	246
226	247
227	248
228	249
229	250
230	251
231	252
232	253
233	254
234	255
235	256
236	257
237	258
238	259
239	260
240	261
241	262
242	263
243	264
244	265
245	266
246	268
247	269
248	270
249	271
250	273
251	274
252	275
253	276
254	277
255	278
256	279
257	280
258	281
259	282
260	284
261	285
262	286
263	287
264	288
265	289
266	290
267	291
268	292
269	293
270	294
271	295
272	296
273	297
274	298
275	299
276	300
277	301
278	302
279	303
280	304
281	305
282	306
283	307
284	308
285	310
286	312
287	313
288	314
289	315
290	316
291	317
292	318
293	319
294	320
295	321
296	322
297	323
298	324
299	325
300	326
301	327
302	328
303	330
304	331
305	332
306	335
307	336
308	337
309	338
310	339
311	340
312	341
313	342
314	343
315	344
316	346
317	347
318	348
319	349
320	350
321	352
322	353
323	354
324	355
325	356
326	357
327	358
328	359
329	360
330	361
331	362
332	363
333	364
334	366
335	367
336	368
337	369
338	370
339	371
340	372
341	374
342	375
343	376
344	378
345	379
346	380
347	381
348	382
349	383
350	384
351	385
352	386
353	387
354	388
355	389
356	391
357	392
358	393
359	395
360	396
361	397
362	398
363	399
364	400
365	401
366	402
367	403
368	404
369	406
370	407
371	408
372	409
373	410
374	411
375	414
376	415
377	416
378	417
379	418
380	420
381	421
382	422
383	423
384	424
385	425
386	426
387	427
388	428
389	429
390	431
391	432
392	433
393	434
394	435
395	436
396	437
397	438
398	439
399	440
400	441
401	442
402	443
403	444
404	445
405	446
406	447
407	448
408	449
409	450
410	451
411	452
412	453
413	454
414	456
415	457
416	458
417	459
418	460
419	461
420	462
421	463
422	464
423	465
424	466
425	467
426	468
427	469
428	470
429	471
430	472
431	473
432	474
433	475
434	476
435	477
436	478
437	479
438	480
439	483
440	484
441	485
442	487
443	488
444	489
445	490
446	492
447	493
448	494
449	495
450	497
451	499
452	501
453	502
454	503
455	504
456	505
457	506
458	507
459	508
460	509
461	510
462	511
463	512
464	513
465	514
466	515
467	516
468	517
469	518
470	519
471	520
472	523
473	524
474	525
475	526
476	527
477	528
478	529
479	530
480	531
481	532
482	533
483	534
484	536
485	537
486	538
487	539
488	540
489	541
490	542
491	543
492	545
493	546
494	547
495	548
496	549
497	550
498	551
499	552
500	553
501	554
502	555
503	556
504	557
505	558
506	559
507	560
508	561
509	562
510	563
511	564
512	565
513	566
514	567
515	568
516	569
517	570
518	571
519	572
520	573
521	574
522	575
523	576
524	577
525	578
526	579
527	580
528	581
529	582
530	584
531	585
532	586
533	587
534	588
535	590
536	591
537	592
538	593
539	595
540	596
541	597
542	600
543	601
544	602
545	603
546	604
547	605
548	606
549	607
550	608
551	609
552	610
553	611
554	613
555	614
556	616
557	617
558	618
559	619
560	620
561	621
562	622
563	623
564	625
565	626
566	627
567	628
568	629
569	630
570	631
571	632
572	633
573	634
574	635
575	636
576	639
577	640
578	641
579	644
580	645
581	646
582	647
583	649
584	651
585	652
586	653
587	654
588	656
589	657
590	658
591	659
592	660
593	661
594	662
595	663
596	664
597	665
598	666
599	668
600	669
601	670
602	671
603	672
604	673
605	674
606	675
607	676
608	677
609	678
610	679
611	680
612	681
613	683
614	684
615	685
616	686
617	687
618	688
619	689
620	690
621	691
622	692
623	693
624	694
625	696
626	697
627	698
628	699
629	700
630	701
631	702
632	703
633	704
634	705
635	706
636	707
637	708
638	709
639	711
640	712
641	713
642	714
643	716
644	717
645	718
646	719
647	720
648	721
649	722
650	723
651	724
652	725
653	726
654	727
655	728
656	729
657	731
658	732
659	733
660	736
661	737
662	738
663	739
664	740
665	742
666	743
667	744
668	745
669	746
670	747
671	748
672	749
673	750
674	751
675	752
676	753
677	754
678	755
679	756
680	757
681	758
682	759
683	760
684	761
685	762
686	763
687	764
688	765
689	766
690	767
691	768
692	769
693	770
694	771
695	772
696	773
697	774
698	775
699	776
700	777
701	778
702	779
703	780
704	781
705	782
706	783
707	784
708	785
709	786
710	787
711	788
712	789
713	790
714	791
715	792
716	793
717	794
718	795
719	796
720	797
721	798
722	799
723	800
724	801
725	802
726	803
727	805
728	806
729	807
730	808
731	809
732	810
733	811
734	812
735	813
736	814
737	815
738	816
739	817
740	818
741	819
742	820
743	821
744	822
745	823
746	824
747	825
748	827
749	828
750	829
751	830
752	831
753	832
754	833
755	834
756	835
757	836
758	837
759	838
760	839
761	840
762	841
763	842
764	843
765	844
766	845
767	846
768	847
769	849
770	850
771	851
772	852
773	853
774	854
775	855
776	856
777	857
778	858
779	859
780	860
781	861
782	862
783	863
784	864
785	865
786	866
787	867
788	868
789	869
790	870
791	871
792	872
793	873
794	874
795	875
796	876
797	878
798	879
799	880
800	882
801	883
802	884
803	885
804	886
805	887
806	888
807	889
808	890
809	891
810	892
811	893
812	894
813	895
814	896
815	898
816	899
817	900
818	901
819	902
820	903
821	904
822	905
823	906
824	907
825	910
826	911
827	913
828	914
829	915
830	916
831	918
832	919
833	920
834	921
835	922
836	923
837	924
838	925
839	927
840	928
841	930
842	931
843	932
844	933
845	934
846	935
847	936
848	937
849	938
850	940
851	942
852	944
853	945
854	946
855	947
856	948
857	950
858	951
859	953
860	954
861	955
862	956
863	957
864	958
865	959
866	960
867	961
868	962
869	963
870	964
871	965
872	966
873	967
874	968
875	969
876	970
877	971
878	972
879	973
880	974
881	975
882	976
883	977
884	978
885	979
886	980
887	982
888	983
889	984
890	985
891	986
892	987
893	988
894	989
895	990
896	991
897	992
898	993
899	994
900	995
901	996
902	997
903	998
904	999
905	1000
906	1001
907	1002
908	1003
909	1005
910	1006
911	1007
912	1009
913	1010
914	1011
915	1014
916	1015
917	1016
918	1017
919	1018
920	1019
921	1020
922	1021
923	1022
924	1023
925	1024
926	1026
927	1027
928	1028
929	1029
930	1030
931	1031
932	1032
933	1033
934	1035
935	1036
936	1037
937	1038
938	1039
939	1040
940	1041
941	1042
942	1043
943	1044
944	1046
945	1047
946	1048
947	1049
948	1050
949	1051
950	1053
951	1054
952	1055
953	1056
954	1057
955	1058
956	1059
957	1061
958	1062
959	1063
960	1064
961	1065
962	1066
963	1067
964	1068
965	1069
966	1070
967	1071
968	1072
969	1073
970	1074
971	1075
972	1076
973	1077
974	1078
975	1080
976	1081
977	1082
978	1083
979	1085
980	1086
981	1087
982	1088
983	1089
984	1090
985	1091
986	1092
987	1093
988	1094
989	1095
990	1096
991	1097
992	1098
993	1099
994	1100
995	1101
996	1102
997	1103
998	1104
999	1105
1000	1106
1001	1107
1002	1108
1003	1109
1004	1110
1005	1111
1006	1112
1007	1113
1008	1114
1009	1115
1010	1116
1011	1117
1012	1118
1013	1120
1014	1122
1015	1123
1016	1124
1017	1125
1018	1126
1019	1127
1020	1128
1021	1129
1022	1131
1023	1133
1024	1135
1025	1137
1026	1138
1027	1139
1028	1140
1029	1141
1030	1142
1031	1143
1032	1144
1033	1145
1034	1146
1035	1147
1036	1148
1037	1149
1038	1150
1039	1151
1040	1152
1041	1153
1042	1154
1043	1155
1044	1156
1045	1157
1046	1158
1047	1159
1048	1160
1049	1161
1050	1162
1051	1164
1052	1165
1053	1166
1054	1167
1055	1168
1056	1169
1057	1170
1058	1171
1059	1172
1060	1173
1061	1174
1062	1176
1063	1177
1064	1178
1065	1179
1066	1180
1067	1182
1068	1183
1069	1184
1070	1187
1071	1188
1072	1189
1073	1190
1074	1191
1075	1192
1076	1193
1077	1194
1078	1195
1079	1196
1080	1197
1081	1199
1082	1202
1083	1203
1084	1204
1085	1205
1086	1207
1087	1208
1088	1209
1089	1210
1090	1211
1091	1212
1092	1213
1093	1214
1094	1215
1095	1216
1096	1217
1097	1218
1098	1220
1099	1221
1100	1222
1101	1223
1102	1224
1103	1225
1104	1226
1105	1227
1106	1229
1107	1230
1108	1231
1109	1232
1110	1233
1111	1234
1112	1235
1113	1236
1114	1237
1115	1238
1116	1239
1117	1240
1118	1241
1119	1242
1120	1243
1121	1244
1122	1245
1123	1246
1124	1247
1125	1248
1126	1249
1127	1250
1128	1251
1129	1252
1130	1253
1131	1256
1132	1257
1133	1258
1134	1259
1135	1260
1136	1261
1137	1262
1138	1263
1139	1264
1140	1265
1141	1266
1142	1267
1143	1268
1144	1269
1145	1270
1146	1271
1147	1272
1148	1274
1149	1275
1150	1277
1151	1278
1152	1279
1153	1280
1154	1281
1155	1282
1156	1283
1157	1284
1158	1285
1159	1286
1160	1287
1161	1288
1162	1289
1163	1290
1164	1291
1165	1292
1166	1293
1167	1294
1168	1295
1169	1296
1170	1297
1171	1298
1172	1299
1173	1300
1174	1301
1175	1302
1176	1303
1177	1304
1178	1305
1179	1307
1180	1308
1181	1309
1182	1310
1183	1311
1184	1312
1185	1313
1186	1314
1187	1315
1188	1316
1189	1317
1190	1319
1191	1320
1192	1321
1193	1322
1194	1323
1195	1324
1196	1325
1197	1327
1198	1328
1199	1329
1200	1330
1201	1331
1202	1332
1203	1333
1204	1334
1205	1335
1206	1336
1207	1337
1208	1339
1209	1340
1210	1341
1211	1342
1212	1343
1213	1345
1214	1346
1215	1347
1216	1348
1217	1350
1218	1351
1219	1352
1220	1353
1221	1355
1222	1356
1223	1357
1224	1358
1225	1359
1226	1361
1227	1362
1228	1363
1229	1364
1230	1365
1231	1366
1232	1367
1233	1368
1234	1369
1235	1370
1236	1371
1237	1372
1238	1373
1239	1374
1240	1375
1241	1376
1242	1377
1243	1378
1244	1379
1245	1380
1246	1381
1247	1383
1248	1384
1249	1386
1250	1387
1251	1388
1252	1389
1253	1390
1254	1391
1255	1392
1256	1395
1257	1396
1258	1397
1259	1398
1260	1399
1261	1401
1262	1403
1263	1404
1264	1405
1265	1406
1266	1409
1267	1410
1268	1411
1269	1412
1270	1413
1271	1414
1272	1415
1273	1416
1274	1417
1275	1418
1276	1419
1277	1420
1278	1421
1279	1423
1280	1424
1281	1425
1282	1426
1283	1427
1284	1428
1285	1429
1286	1430
1287	1432
1288	1433
1289	1434
1290	1435
1291	1436
1292	1437
1293	1438
1294	1439
1295	1440
1296	1441
1297	1442
1298	1443
1299	1445
1300	1446
1301	1447
1302	1448
1303	1449
1304	1451
1305	1452
1306	1453
1307	1455
1308	1456
1309	1457
1310	1458
1311	1460
1312	1461
1313	1462
1314	1463
1315	1464
1316	1465
1317	1466
1318	1467
1319	1468
1320	1469
1321	1470
1322	1471
1323	1472
1324	1474
1325	1476
1326	1477
1327	1478
1328	1479
1329	1480
1330	1482
1331	1483
1332	1484
1333	1486
1334	1487
1335	1488
1336	1489
1337	1490
1338	1491
1339	1492
1340	1493
1341	1494
1342	1495
1343	1497
1344	1498
1345	1499
1346	1500
1347	1501
1348	1502
1349	1503
1350	1504
1351	1505
1352	1507
1353	1508
1354	1509
1355	1510
1356	1511
1357	1512
1358	1513
1359	1514
1360	1515
1361	1516
1362	1518
1363	1519
1364	1520
1365	1521
1366	1522
1367	1523
1368	1524
1369	1525
1370	1526
1371	1527
1372	1528
1373	1529
1374	1530
1375	1531
1376	1533
1377	1534
1378	1535
1379	1536
1380	1537
1381	1538
1382	1540
1383	1541
1384	1542
1385	1543
1386	1544
1387	1545
1388	1546
1389	1547
1390	1548
1391	1549
1392	1550
1393	1551
1394	1552
1395	1553
1396	1554
1397	1555
1398	1556
1399	1557
1400	1558
1401	1559
1402	1560
1403	1561
1404	1562
1405	1563
1406	1564
1407	1566
1408	1568
1409	1569
1410	1570
1411	1571
1412	1573
1413	1574
1414	1575
1415	1577
1416	1578
1417	1579
1418	1582
1419	1583
1420	1584
1421	1585
1422	1586
1423	1587
1424	1588
1425	1589
1426	1590
1427	1591
1428	1592
1429	1593
1430	1594
1431	1595
1432	1596
1433	1597
1434	1598
1435	1600
1436	1601
1437	1602
1438	1603
1439	1604
1440	1605
1441	1606
1442	1607
1443	1608
1444	1609
1445	1610
1446	1612
1447	1613
1448	1614
1449	1615
1450	1616
1451	1617
1452	1618
1453	1619
1454	1620
1455	1621
1456	1622
1457	1624
1458	1625
1459	1626
1460	1628
1461	1629
1462	1630
1463	1631
1464	1633
1465	1634
1466	1635
1467	1636
1468	1637
1469	1638
1470	1639
1471	1640
1472	1641
1473	1642
1474	1643
1475	1646
1476	1647
1477	1648
1478	1649
1479	1650
1480	1651
1481	1652
1482	1653
1483	1654
1484	1655
1485	1656
1486	1657
1487	1658
1488	1659
1489	1660
1490	1661
1491	1662
1492	1663
1493	1664
1494	1665
1495	1667
1496	1668
1497	1669
1498	1671
1499	1673
1500	1674
1501	1675
1502	1677
1503	1678
1504	1679
1505	1680
1506	1681
1507	1682
1508	1683
1509	1684
1510	1685
1511	1686
1512	1687
1513	1688
1514	1689
1515	1691
1516	1692
1517	1693
1518	1694
1519	1695
1520	1696
1521	1697
1522	1698
1523	1699
1524	1700
1525	1702
1526	1703
1527	1704
1528	1705
1529	1706
1530	1707
1531	1708
1532	1709
1533	1710
1534	1711
1535	1712
1536	1713
1537	1714
1538	1715
1539	1716
1540	1718
1541	1719
1542	1720
1543	1721
1544	1722
1545	1723
1546	1724
1547	1725
1548	1726
1549	1727
1550	1728
1551	1729
1552	1730
1553	1735
1554	1736
1555	1737
1556	1738
1557	1739
1558	1740
1559	1741
1560	1742
1561	1743
1562	1744
1563	1745
1564	1746
1565	1747
1566	1748
1567	1749
1568	1750
1569	1751
1570	1752
1571	1753
1572	1754
1573	1755
1574	1756
1575	1757
1576	1758
1577	1759
1578	1760
1579	1761
1580	1762
1581	1764
1582	1766
1583	1767
1584	1768
1585	1769
1586	1770
1587	1771
1588	1772
1589	1773
1590	1774
1591	1775
1592	1776
1593	1777
1594	1778
1595	1779
1596	1781
1597	1782
1598	1783
1599	1784
1600	1785
1601	1786
1602	1787
1603	1788
1604	1790
1605	1791
1606	1792
1607	1793
1608	1794
1609	1795
1610	1796
1611	1797
1612	1798
1613	1799
1614	1800
1615	1802
1616	1803
1617	1804
1618	1805
1619	1806
1620	1808
1621	1809
1622	1810
1623	1811
1624	1812
1625	1813
1626	1814
1627	1815
1628	1816
1629	1817
1630	1818
1631	1820
1632	1821
1633	1822
1634	1823
1635	1824
1636	1825
1637	1826
1638	1827
1639	1828
1640	1830
1641	1831
1642	1832
1643	1833
1644	1834
1645	1835
1646	1836
1647	1838
1648	1839
1649	1840
1650	1841
1651	1842
1652	1843
1653	1844
1654	1845
1655	1846
1656	1847
1657	1848
1658	1849
1659	1850
1660	1851
1661	1852
1662	1853
1663	1854
1664	1855
1665	1856
1666	1857
1667	1858
1668	1859
1669	1860
1670	1861
1671	1862
1672	1864
1673	1865
1674	1866
1675	1869
1676	1870
1677	1871
1678	1872
1679	1873
1680	1874
1681	1875
1682	1876
1683	1877
1684	1878
1685	1880
1686	1881
1687	1882
1688	1883
1689	1884
1690	1885
1691	1886
1692	1887
1693	1888
1694	1889
1695	1890
1696	1891
1697	1892
1698	1894
1699	1895
1700	1896
1701	1897
1702	1898
1703	1899
1704	1900
1705	1901
1706	1902
1707	1903
1708	1904
1709	1905
1710	1906
1711	1907
1712	1908
1713	1909
1714	1910
1715	1911
1716	1912
1717	1913
1718	1914
1719	1915
1720	1916
1721	1917
1722	1918
1723	1919
1724	1920
1725	1921
1726	1922
1727	1924
1728	1925
1729	1926
1730	1927
1731	1928
1732	1929
1733	1930
1734	1931
1735	1932
1736	1933
1737	1934
1738	1935
1739	1936
1740	1938
1741	1939
1742	1941
1743	1942
1744	1943
1745	1944
1746	1945
1747	1946
1748	1947
1749	1948
1750	1949
1751	1950
1752	1951
1753	1952
1754	1953
1755	1954
1756	1955
1757	1956
1758	1957
1759	1958
1760	1959
1761	1960
1762	1961
1763	1962
1764	1963
1765	1964
1766	1965
1767	1968
1768	1969
1769	1970
1770	1971
1771	1972
1772	1973
1773	1974
1774	1975
1775	1976
1776	1977
1777	1978
1778	1979
1779	1980
1780	1981
1781	1983
1782	1984
1783	1985
1784	1987
1785	1988
1786	1989
1787	1991
1788	1992
1789	1993
1790	1994
1791	1996
1792	1997
1793	1998
1794	1999
1795	2000
1796	2002
1797	2003
1798	2004
1799	2005
1800	2006
1801	2007
1802	2008
1803	2009
1804	2010
1805	2011
1806	2012
1807	2013
1808	2014
1809	2015
1810	2016
1811	2017
1812	2018
1813	2019
1814	2020
1815	2022
1816	2023
1817	2024
1818	2025
1819	2027
1820	2028
1821	2029
1822	2030
1823	2031
1824	2032
1825	2033
1826	2034
1827	2035
1828	2036
1829	2037
1830	2038
1831	2039
1832	2040
1833	2041
1834	2042
1835	2043
1836	2044
1837	2045
1838	2046
1839	2048
1840	2049
1841	2050
1842	2051
1843	2053
1844	2054
1845	2055
1846	2056
1847	2057
1848	2058
1849	2059
1850	2060
1851	2061
1852	2062
1853	2063
1854	2064
1855	2065
1856	2066
1857	2067
1858	2068
1859	2069
1860	2070
1861	2071
1862	2072
1863	2073
1864	2074
1865	2075
1866	2077
1867	2078
1868	2079
1869	2080
1870	2081
1871	2082
1872	2083
1873	2085
1874	2086
1875	2087
1876	2088
1877	2089
1878	2090
1879	2091
1880	2092
1881	2094
1882	2095
1883	2096
1884	2098
1885	2099
1886	2100
1887	2101
1888	2102
1889	2103
1890	2104
1891	2106
1892	2107
1893	2108
1894	2109
1895	2110
1896	2112
1897	2113
1898	2114
1899	2115
1900	2116
1901	2117
1902	2119
1903	2121
1904	2122
1905	2124
1906	2125
1907	2127
1908	2128
1909	2129
1910	2130
1911	2131
1912	2132
1913	2133
1914	2135
1915	2136
1916	2137
1917	2138
1918	2139
1919	2140
1920	2141
1921	2142
1922	2143
1923	2144
1924	2145
1925	2146
1926	2147
1927	2148
1928	2149
1929	2150
1930	2151
1931	2152
1932	2153
1933	2154
1934	2155
1935	2157
1936	2158
1937	2159
1938	2160
1939	2161
1940	2162
1941	2163
1942	2164
1943	2165
1944	2166
1945	2167
1946	2168
1947	2169
1948	2170
1949	2171
1950	2172
1951	2173
1952	2174
1953	2175
1954	2176
1955	2177
1956	2178
1957	2179
1958	2180
1959	2182
1960	2183
1961	2184
1962	2185
1963	2187
1964	2188
1965	2189
1966	2190
1967	2191
1968	2192
1969	2194
1970	2195
1971	2196
1972	2197
1973	2198
1974	2199
1975	2200
1976	2201
1977	2202
1978	2203
1979	2204
1980	2205
1981	2206
1982	2207
1983	2208
1984	2209
1985	2210
1986	2211
1987	2212
1988	2213
1989	2214
1990	2215
1991	2216
1992	2217
1993	2218
1994	2219
1995	2220
1996	2221
1997	2222
1998	2223
1999	2225
2000	2226
2001	2227
2002	2228
2003	2229
2004	2230
2005	2231
2006	2232
2007	2233
2008	2234
2009	2235
2010	2236
2011	2237
2012	2238
2013	2239
2014	2240
2015	2241
2016	2242
2017	2243
2018	2244
2019	2245
2020	2246
2021	2247
2022	2248
2023	2249
2024	2250
2025	2251
2026	2252
2027	2253
2028	2254
2029	2255
2030	2256
2031	2257
2032	2258
2033	2260
2034	2261
2035	2262
2036	2263
2037	2264
2038	2265
2039	2266
2040	2267
2041	2270
2042	2271
2043	2272
2044	2273
2045	2274
2046	2275
2047	2276
2048	2278
2049	2279
2050	2280
2051	2281
2052	2283
2053	2284
2054	2285
2055	2286
2056	2287
2057	2288
2058	2290
2059	2291
2060	2292
2061	2294
2062	2295
2063	2296
2064	2297
2065	2298
2066	2299
2067	2300
2068	2303
2069	2304
2070	2305
2071	2306
2072	2309
2073	2310
2074	2311
2075	2312
2076	2313
2077	2314
2078	2315
2079	2316
2080	2317
2081	2318
2082	2319
2083	2320
2084	2321
2085	2322
2086	2323
2087	2324
2088	2325
2089	2326
2090	2327
2091	2328
2092	2329
2093	2330
2094	2331
2095	2332
2096	2335
2097	2336
2098	2337
2099	2338
2100	2339
2101	2340
2102	2341
2103	2342
2104	2343
2105	2344
2106	2345
2107	2346
2108	2347
2109	2348
2110	2349
2111	2350
2112	2352
2113	2354
2114	2355
2115	2356
2116	2357
2117	2358
2118	2359
2119	2360
2120	2361
2121	2362
2122	2363
2123	2364
2124	2365
2125	2366
2126	2367
2127	2368
2128	2369
2129	2370
2130	2371
2131	2372
2132	2373
2133	2374
2134	2375
2135	2376
2136	2377
2137	2378
2138	2379
2139	2380
2140	2382
2141	2383
2142	2384
2143	2385
2144	2386
2145	2387
2146	2388
2147	2389
2148	2390
2149	2391
2150	2395
2151	2396
2152	2397
2153	2398
2154	2400
2155	2401
2156	2402
2157	2403
2158	2404
2159	2405
2160	2406
2161	2407
2162	2409
2163	2410
2164	2411
2165	2412
2166	2413
2167	2414
2168	2415
2169	2416
2170	2417
2171	2418
2172	2419
2173	2420
2174	2421
2175	2422
2176	2423
2177	2424
2178	2425
2179	2426
2180	2427
2181	2428
2182	2429
2183	2430
2184	2431
2185	2432
2186	2433
2187	2434
2188	2435
2189	2436
2190	2437
2191	2438
2192	2439
2193	2440
2194	2441
2195	2442
2196	2443
2197	2444
2198	2445
2199	2446
2200	2448
2201	2449
2202	2450
2203	2451
2204	2452
2205	2453
2206	2454
2207	2455
2208	2456
2209	2458
2210	2459
2211	2461
2212	2462
2213	2463
2214	2464
2215	2465
2216	2466
2217	2469
2218	2470
2219	2471
2220	2472
2221	2473
2222	2474
2223	2475
2224	2476
2225	2477
2226	2478
2227	2479
2228	2480
2229	2481
2230	2482
2231	2483
2232	2484
2233	2485
2234	2486
2235	2487
2236	2488
2237	2489
2238	2491
2239	2492
2240	2493
2241	2494
2242	2495
2243	2496
2244	2497
2245	2498
2246	2499
2247	2500
2248	2501
2249	2503
2250	2504
2251	2505
2252	2506
2253	2507
2254	2508
2255	2509
2256	2510
2257	2511
2258	2512
2259	2514
2260	2515
2261	2516
2262	2517
2263	2518
2264	2519
2265	2520
2266	2521
2267	2522
2268	2524
2269	2525
2270	2526
2271	2527
2272	2528
2273	2529
2274	2530
2275	2531
2276	2532
2277	2533
2278	2534
2279	2535
2280	2536
2281	2538
2282	2539
2283	2540
2284	2541
2285	2542
2286	2545
2287	2547
2288	2548
2289	2550
2290	2552
2291	2553
2292	2554
2293	2555
2294	2556
2295	2557
2296	2558
2297	2559
2298	2560
2299	2561
2300	2562
2301	2564
2302	2565
2303	2566
2304	2567
2305	2568
2306	2569
2307	2570
2308	2571
2309	2572
2310	2573
2311	2574
2312	2575
2313	2576
2314	2577
2315	2578
2316	2579
2317	2580
2318	2581
2319	2582
2320	2583
2321	2584
2322	2585
2323	2586
2324	2587
2325	2588
2326	2589
2327	2590
2328	2591
2329	2592
2330	2593
2331	2594
2332	2595
2333	2596
2334	2597
2335	2598
2336	2600
2337	2602
2338	2603
2339	2604
2340	2605
2341	2606
2342	2607
2343	2608
2344	2610
2345	2611
2346	2612
2347	2613
2348	2614
2349	2615
2350	2617
2351	2618
2352	2619
2353	2620
2354	2622
2355	2623
2356	2624
2357	2626
2358	2627
2359	2628
2360	2629
2361	2630
2362	2631
2363	2632
2364	2633
2365	2634
2366	2635
2367	2636
2368	2637
2369	2638
2370	2639
2371	2641
2372	2642
2373	2643
2374	2645
2375	2646
2376	2647
2377	2648
2378	2650
2379	2651
2380	2652
2381	2653
2382	2654
2383	2655
2384	2656
2385	2657
2386	2658
2387	2659
2388	2660
2389	2661
2390	2662
2391	2663
2392	2664
2393	2665
2394	2666
2395	2667
2396	2668
2397	2669
2398	2670
2399	2671
2400	2672
2401	2673
2402	2674
2403	2675
2404	2676
2405	2677
2406	2678
2407	2679
2408	2680
2409	2682
2410	2683
2411	2684
2412	2685
2413	2686
2414	2687
2415	2688
2416	2689
2417	2690
2418	2691
2419	2692
2420	2693
2421	2694
2422	2695
2423	2696
2424	2697
2425	2698
2426	2700
2427	2701
2428	2702
2429	2703
2430	2704
2431	2705
2432	2706
2433	2707
2434	2708
2435	2709
2436	2710
2437	2711
2438	2712
2439	2713
2440	2714
2441	2715
2442	2716
2443	2717
2444	2718
2445	2719
2446	2720
2447	2722
2448	2723
2449	2724
2450	2725
2451	2726
2452	2727
2453	2728
2454	2729
2455	2730
2456	2731
2457	2732
2458	2733
2459	2734
2460	2735
2461	2736
2462	2737
2463	2738
2464	2739
2465	2740
2466	2741
2467	2742
2468	2743
2469	2744
2470	2745
2471	2746
2472	2747
2473	2748
2474	2749
2475	2750
2476	2751
2477	2752
2478	2753
2479	2754
2480	2755
2481	2756
2482	2757
2483	2758
2484	2759
2485	2761
2486	2762
2487	2763
2488	2764
2489	2765
2490	2766
2491	2769
2492	2770
2493	2771
2494	2772
2495	2773
2496	2775
2497	2776
2498	2777
2499	2778
2500	2780
2501	2781
2502	2782
2503	2784
2504	2785
2505	2786
2506	2787
2507	2788
2508	2789
2509	2790
2510	2791
2511	2792
2512	2793
2513	2794
2514	2795
2515	2797
2516	2798
2517	2799
2518	2800
2519	2801
2520	2802
2521	2804
2522	2805
2523	2806
2524	2807
2525	2808
2526	2809
2527	2810
2528	2811
2529	2812
2530	2813
2531	2814
2532	2815
2533	2816
2534	2817
2535	2818
2536	2819
2537	2821
2538	2822
2539	2823
2540	2824
2541	2825
2542	2826
2543	2827
2544	2828
2545	2829
2546	2830
2547	2831
2548	2832
2549	2833
2550	2834
2551	2835
2552	2837
2553	2838
2554	2839
2555	2840
2556	2841
2557	2842
2558	2843
2559	2844
2560	2845
2561	2846
2562	2847
2563	2848
2564	2849
2565	2850
2566	2851
2567	2852
2568	2853
2569	2854
2570	2855
2571	2856
2572	2857
2573	2858
2574	2859
2575	2860
2576	2861
2577	2862
2578	2863
2579	2864
2580	2865
2581	2866
2582	2867
2583	2868
2584	2869
2585	2870
2586	2871
2587	2872
2588	2873
2589	2874
2590	2876
2591	2877
2592	2878
2593	2879
2594	2880
2595	2881
2596	2882
2597	2883
2598	2884
2599	2885
2600	2886
2601	2887
2602	2888
2603	2889
2604	2890
2605	2891
2606	2892
2607	2893
2608	2894
2609	2895
2610	2896
2611	2897
2612	2898
2613	2899
2614	2900
2615	2902
2616	2903
2617	2904
2618	2905
2619	2906
2620	2907
2621	2908
2622	2909
2623	2910
2624	2911
2625	2912
2626	2913
2627	2914
2628	2915
2629	2916
2630	2917
2631	2918
2632	2919
2633	2921
2634	2922
2635	2923
2636	2924
2637	2925
2638	2926
2639	2927
2640	2928
2641	2929
2642	2930
2643	2931
2644	2932
2645	2933
2646	2934
2647	2935
2648	2936
2649	2937
2650	2938
2651	2939
2652	2940
2653	2941
2654	2943
2655	2944
2656	2945
2657	2946
2658	2947
2659	2948
2660	2949
2661	2950
2662	2951
2663	2952
2664	2953
2665	2954
2666	2955
2667	2956
2668	2957
2669	2958
2670	2959
2671	2960
2672	2961
2673	2962
2674	2963
2675	2964
2676	2965
2677	2966
2678	2967
2679	2968
2680	2969
2681	2970
2682	2971
2683	2972
2684	2973
2685	2974
2686	2975
2687	2976
2688	2977
2689	2978
2690	2979
2691	2980
2692	2981
2693	2982
2694	2983
2695	2984
2696	2986
2697	2988
2698	2989
2699	2990
2700	2991
2701	2992
2702	2993
2703	2994
2704	2995
2705	2997
2706	2998
2707	2999
2708	3000
2709	3001
2710	3002
2711	3003
2712	3004
2713	3005
2714	3006
2715	3007
2716	3008
2717	3009
2718	3011
2719	3013
2720	3014
2721	3015
2722	3016
2723	3019
2724	3020
2725	3021
2726	3022
2727	3024
2728	3025
2729	3026
2730	3027
2731	3028
2732	3029
2733	3030
2734	3031
2735	3032
2736	3033
2737	3034
2738	3037
2739	3038
2740	3039
2741	3040
2742	3041
2743	3042
2744	3043
2745	3045
2746	3046
2747	3047
2748	3048
2749	3049
2750	3050
2751	3051
2752	3052
2753	3053
2754	3054
2755	3055
2756	3057
2757	3058
2758	3059
2759	3061
2760	3062
2761	3064
2762	3065
2763	3066
2764	3067
2765	3068
2766	3069
2767	3070
2768	3071
2769	3072
2770	3073
2771	3074
2772	3075
2773	3077
2774	3078
2775	3079
2776	3080
2777	3081
2778	3082
2779	3084
2780	3085
2781	3086
2782	3087
2783	3088
2784	3089
2785	3090
2786	3091
2787	3092
2788	3093
2789	3094
2790	3095
2791	3096
2792	3097
2793	3098
2794	3099
2795	3100
2796	3102
2797	3104
2798	3105
2799	3106
2800	3107
2801	3109
2802	3110
2803	3111
2804	3112
2805	3113
2806	3114
2807	3115
2808	3116
2809	3117
2810	3118
2811	3119
2812	3120
2813	3121
2814	3122
2815	3123
2816	3124
2817	3125
2818	3126
2819	3127
2820	3128
2821	3130
2822	3131
2823	3132
2824	3134
2825	3135
2826	3136
2827	3137
2828	3138
2829	3139
2830	3140
2831	3141
2832	3144
2833	3145
2834	3146
2835	3148
2836	3149
2837	3150
2838	3151
2839	3152
2840	3153
2841	3154
2842	3155
2843	3156
2844	3157
2845	3158
2846	3159
2847	3160
2848	3161
2849	3162
2850	3163
2851	3164
2852	3165
2853	3166
2854	3167
2855	3168
2856	3169
2857	3170
2858	3171
2859	3172
2860	3173
2861	3174
2862	3175
2863	3176
2864	3177
2865	3178
2866	3179
2867	3180
2868	3181
2869	3182
2870	3184
2871	3185
2872	3186
2873	3187
2874	3188
2875	3189
2876	3190
2877	3191
2878	3193
2879	3195
2880	3196
2881	3197
2882	3198
2883	3199
2884	3200
2885	3201
2886	3202
2887	3204
2888	3205
2889	3207
2890	3208
2891	3209
2892	3210
2893	3212
2894	3213
2895	3214
2896	3215
2897	3218
2898	3219
2899	3220
2900	3221
2901	3222
2902	3223
2903	3224
2904	3227
2905	3228
2906	3229
2907	3230
2908	3231
2909	3232
2910	3233
2911	3234
2912	3235
2913	3236
2914	3237
2915	3238
2916	3239
2917	3240
2918	3241
2919	3243
2920	3244
2921	3245
2922	3246
2923	3247
2924	3248
2925	3249
2926	3250
2927	3251
2928	3253
2929	3254
2930	3255
2931	3256
2932	3257
2933	3258
2934	3259
2935	3260
2936	3261
2937	3262
2938	3264
2939	3265
2940	3266
2941	3267
2942	3268
2943	3269
2944	3270
2945	3271
2946	3272
2947	3273
2948	3274
2949	3275
2950	3276
2951	3277
2952	3278
2953	3280
2954	3281
2955	3283
2956	3284
2957	3285
2958	3286
2959	3287
2960	3288
2961	3289
2962	3290
2963	3291
2964	3292
2965	3293
2966	3294
2967	3295
2968	3297
2969	3298
2970	3299
2971	3300
2972	3301
2973	3302
2974	3303
2975	3304
2976	3305
2977	3306
2978	3307
2979	3308
2980	3309
2981	3310
2982	3312
2983	3314
2984	3315
2985	3316
2986	3317
2987	3318
2988	3319
2989	3320
2990	3321
2991	3324
2992	3325
2993	3326
2994	3327
2995	3328
2996	3329
2997	3330
2998	3331
2999	3332
3000	3333
3001	3334
3002	3335
3003	3336
3004	3337
3005	3338
3006	3340
3007	3341
3008	3342
3009	3343
3010	3344
3011	3345
3012	3346
3013	3347
3014	3348
3015	3349
3016	3350
3017	3351
3018	3353
3019	3354
3020	3355
3021	3356
3022	3357
3023	3359
3024	3360
3025	3363
3026	3364
3027	3365
3028	3368
3029	3369
3030	3370
3031	3371
3032	3372
3033	3373
3034	3374
3035	3375
3036	3376
3037	3377
3038	3378
3039	3379
3040	3380
3041	3382
3042	3383
3043	3385
3044	3386
3045	3388
3046	3389
3047	3390
3048	3391
3049	3393
3050	3394
3051	3395
3052	3396
3053	3397
3054	3398
3055	3399
3056	3400
3057	3401
3058	3402
3059	3404
3060	3405
3061	3406
3062	3407
3063	3408
3064	3410
3065	3411
3066	3412
3067	3413
3068	3414
3069	3415
3070	3416
3071	3417
3072	3418
3073	3419
3074	3420
3075	3421
3076	3422
3077	3423
3078	3424
3079	3425
3080	3426
3081	3428
3082	3429
3083	3431
3084	3432
3085	3433
3086	3435
3087	3436
3088	3437
3089	3438
3090	3439
3091	3440
3092	3441
3093	3442
3094	3443
3095	3444
3096	3445
3097	3446
3098	3447
3099	3451
3100	3452
3101	3453
3102	3454
3103	3455
3104	3457
3105	3458
3106	3459
3107	3460
3108	3461
3109	3462
3110	3463
3111	3464
3112	3465
3113	3466
3114	3467
3115	3468
3116	3469
3117	3470
3118	3472
3119	3473
3120	3475
3121	3476
3122	3478
3123	3479
3124	3480
3125	3481
3126	3482
3127	3483
3128	3484
3129	3486
3130	3487
3131	3488
3132	3489
3133	3490
3134	3491
3135	3492
3136	3493
3137	3494
3138	3495
3139	3496
3140	3497
3141	3498
3142	3499
3143	3500
3144	3501
3145	3502
3146	3503
3147	3504
3148	3505
3149	3506
3150	3507
3151	3509
3152	3510
3153	3511
3154	3512
3155	3513
3156	3514
3157	3515
3158	3516
3159	3517
3160	3518
3161	3519
3162	3520
3163	3521
3164	3522
3165	3523
3166	3524
3167	3525
3168	3526
3169	3527
3170	3528
3171	3529
3172	3530
3173	3531
3174	3532
3175	3533
3176	3534
3177	3535
3178	3536
3179	3537
3180	3538
3181	3539
3182	3540
3183	3541
3184	3542
3185	3543
3186	3545
3187	3546
3188	3547
3189	3549
3190	3550
3191	3551
3192	3552
3193	3553
3194	3554
3195	3555
3196	3556
3197	3557
3198	3558
3199	3559
3200	3560
3201	3561
3202	3562
3203	3563
3204	3564
3205	3565
3206	3566
3207	3567
3208	3568
3209	3570
3210	3571
3211	3572
3212	3573
3213	3574
3214	3575
3215	3576
3216	3577
3217	3578
3218	3579
3219	3580
3220	3581
3221	3582
3222	3583
3223	3584
3224	3585
3225	3586
3226	3587
3227	3588
3228	3589
3229	3590
3230	3591
3231	3592
3232	3593
3233	3594
3234	3595
3235	3596
3236	3597
3237	3598
3238	3599
3239	3600
3240	3601
3241	3602
3242	3604
3243	3605
3244	3606
3245	3607
3246	3608
3247	3609
3248	3610
3249	3613
3250	3614
3251	3615
3252	3616
3253	3617
3254	3618
3255	3619
3256	3620
3257	3622
3258	3623
3259	3624
3260	3625
3261	3626
3262	3628
3263	3629
3264	3631
3265	3634
3266	3635
3267	3637
3268	3638
3269	3639
3270	3640
3271	3641
3272	3642
3273	3643
3274	3644
3275	3645
3276	3646
3277	3647
3278	3649
3279	3650
3280	3651
3281	3652
3282	3653
3283	3654
3284	3655
3285	3656
3286	3657
3287	3658
3288	3659
3289	3660
3290	3663
3291	3664
3292	3665
3293	3666
3294	3667
3295	3668
3296	3669
3297	3670
3298	3671
3299	3672
3300	3673
3301	3674
3302	3675
3303	3676
3304	3677
3305	3678
3306	3679
3307	3680
3308	3681
3309	3682
3310	3684
3311	3685
3312	3686
3313	3687
3314	3688
3315	3689
3316	3690
3317	3691
3318	3692
3319	3693
3320	3694
3321	3695
3322	3696
3323	3697
3324	3698
3325	3699
3326	3700
3327	3702
3328	3703
3329	3704
3330	3705
3331	3706
3332	3707
3333	3708
3334	3709
3335	3710
3336	3711
3337	3712
3338	3716
3339	3717
3340	3718
3341	3719
3342	3720
3343	3721
3344	3722
3345	3723
3346	3724
3347	3725
3348	3726
3349	3727
3350	3728
3351	3729
3352	3730
3353	3731
3354	3732
3355	3733
3356	3734
3357	3735
3358	3736
3359	3737
3360	3738
3361	3740
3362	3741
3363	3742
3364	3743
3365	3745
3366	3746
3367	3747
3368	3750
3369	3751
3370	3752
3371	3753
3372	3754
3373	3755
3374	3756
3375	3757
3376	3759
3377	3760
3378	3761
3379	3762
3380	3763
3381	3764
3382	3765
3383	3766
3384	3767
3385	3768
3386	3769
3387	3770
3388	3771
3389	3772
3390	3773
3391	3774
3392	3776
3393	3777
3394	3778
3395	3779
3396	3780
3397	3781
3398	3782
3399	3783
3400	3784
3401	3786
3402	3787
3403	3788
3404	3789
3405	3790
3406	3791
3407	3792
3408	3793
3409	3794
3410	3795
3411	3796
3412	3797
3413	3798
3414	3799
3415	3800
3416	3801
3417	3802
3418	3803
3419	3805
3420	3806
3421	3807
3422	3808
3423	3809
3424	3810
3425	3811
3426	3812
3427	3813
3428	3814
3429	3815
3430	3816
3431	3817
3432	3818
3433	3819
3434	3820
3435	3821
3436	3822
3437	3823
3438	3824
3439	3825
3440	3826
3441	3827
3442	3828
3443	3829
3444	3830
3445	3831
3446	3832
3447	3833
3448	3834
3449	3836
3450	3837
3451	3838
3452	3839
3453	3840
3454	3841
3455	3842
3456	3843
3457	3844
3458	3845
3459	3846
3460	3847
3461	3848
3462	3849
3463	3850
3464	3851
3465	3852
3466	3853
3467	3854
3468	3855
3469	3856
3470	3857
3471	3858
3472	3859
3473	3860
3474	3861
3475	3863
3476	3864
3477	3865
3478	3866
3479	3867
3480	3868
3481	3869
3482	3871
3483	3872
3484	3873
3485	3874
3486	3875
3487	3876
3488	3877
3489	3879
3490	3880
3491	3881
3492	3882
3493	3883
3494	3884
3495	3886
3496	3887
3497	3888
3498	3889
3499	3890
3500	3893
3501	3895
3502	3896
3503	3897
3504	3899
3505	3900
3506	3901
3507	3902
3508	3903
3509	3904
3510	3905
3511	3906
3512	3907
3513	3908
3514	3909
3515	3910
3516	3911
3517	3912
3518	3913
3519	3914
3520	3915
3521	3916
3522	3917
3523	3919
3524	3920
3525	3921
3526	3922
3527	3923
3528	3924
3529	3925
3530	3926
3531	3927
3532	3928
3533	3929
3534	3930
3535	3931
3536	3932
3537	3933
3538	3934
3539	3935
3540	3936
3541	3937
3542	3938
3543	3939
3544	3941
3545	3943
3546	3945
3547	3946
3548	3947
3549	3948
3550	3950
3551	3951
3552	3952
3553	3953
3554	3954
3555	3955
3556	3956
3557	3957
3558	3958
3559	3959
3560	3960
3561	3961
3562	3962
3563	3963
3564	3964
3565	3965
3566	3966
3567	3967
3568	3968
3569	3969
3570	3970
3571	3971
3572	3972
3573	3973
3574	3975
3575	3976
3576	3977
3577	3978
3578	3979
3579	3980
3580	3982
3581	3983
3582	3984
3583	3985
3584	3987
3585	3988
3586	3989
3587	3991
3588	3992
3589	3994
3590	3995
3591	3996
3592	3998
3593	3999
3594	4000
3595	4001
3596	4002
3597	4003
3598	4004
3599	4005
3600	4006
3601	4007
3602	4009
3603	4010
3604	4013
3605	4014
3606	4015
3607	4016
3608	4017
3609	4018
3610	4019
3611	4020
3612	4021
3613	4022
3614	4023
3615	4024
3616	4025
3617	4026
3618	4027
3619	4028
3620	4030
3621	4031
3622	4032
3623	4033
3624	4034
3625	4035
3626	4036
3627	4037
3628	4039
3629	4041
3630	4042
3631	4043
3632	4044
3633	4045
3634	4046
3635	4047
3636	4048
3637	4050
3638	4051
3639	4052
3640	4054
3641	4055
3642	4056
3643	4057
3644	4058
3645	4059
3646	4060
3647	4061
3648	4062
3649	4063
3650	4064
3651	4065
3652	4066
3653	4067
3654	4069
3655	4070
3656	4071
3657	4072
3658	4073
3659	4074
3660	4075
3661	4076
3662	4077
3663	4078
3664	4079
3665	4080
3666	4081
3667	4083
3668	4084
3669	4085
3670	4086
3671	4087
3672	4088
3673	4089
3674	4090
3675	4091
3676	4092
3677	4093
3678	4094
3679	4095
3680	4096
3681	4097
3682	4098
3683	4100
3684	4101
3685	4102
3686	4103
3687	4104
3688	4105
3689	4106
3690	4107
3691	4108
3692	4109
3693	4110
3694	4111
3695	4113
3696	4114
3697	4115
3698	4116
3699	4117
3700	4118
3701	4119
3702	4120
3703	4121
3704	4122
3705	4123
3706	4124
3707	4125
3708	4126
3709	4127
3710	4128
3711	4129
3712	4130
3713	4131
3714	4132
3715	4133
3716	4134
3717	4135
3718	4136
3719	4137
3720	4138
3721	4139
3722	4140
3723	4141
3724	4142
3725	4143
3726	4144
3727	4145
3728	4146
3729	4147
3730	4148
3731	4149
3732	4151
3733	4153
3734	4154
3735	4156
3736	4157
3737	4158
3738	4159
3739	4160
3740	4161
3741	4163
3742	4164
3743	4165
3744	4166
3745	4168
3746	4169
3747	4170
3748	4171
3749	4172
3750	4173
3751	4174
3752	4175
3753	4176
3754	4177
3755	4178
3756	4179
3757	4180
3758	4181
3759	4183
3760	4184
3761	4185
3762	4187
3763	4188
3764	4189
3765	4190
3766	4191
3767	4192
3768	4193
3769	4194
3770	4195
3771	4196
3772	4197
3773	4198
3774	4199
3775	4201
3776	4202
3777	4203
3778	4204
3779	4205
3780	4206
3781	4207
3782	4208
3783	4209
3784	4210
3785	4211
3786	4212
3787	4214
3788	4215
3789	4216
3790	4217
3791	4218
3792	4219
3793	4220
3794	4221
3795	4222
3796	4223
3797	4224
3798	4225
3799	4226
3800	4227
3801	4228
3802	4229
3803	4230
3804	4232
3805	4233
3806	4234
3807	4235
3808	4236
3809	4237
3810	4238
3811	4239
3812	4240
3813	4241
3814	4242
3815	4243
3816	4244
3817	4245
3818	4246
3819	4247
3820	4248
3821	4249
3822	4250
3823	4251
3824	4253
3825	4254
3826	4256
3827	4257
3828	4258
3829	4259
3830	4260
3831	4261
3832	4262
3833	4263
3834	4264
3835	4265
3836	4266
3837	4267
3838	4268
3839	4269
3840	4270
3841	4271
3842	4272
3843	4273
3844	4275
3845	4276
3846	4277
3847	4279
3848	4280
3849	4281
3850	4282
3851	4283
3852	4286
3853	4287
3854	4288
3855	4289
3856	4290
3857	4291
3858	4292
3859	4293
3860	4294
3861	4295
3862	4296
3863	4297
3864	4298
3865	4299
3866	4300
3867	4301
3868	4302
3869	4303
3870	4304
3871	4305
3872	4306
3873	4307
3874	4308
3875	4309
3876	4310
3877	4311
3878	4312
3879	4313
3880	4314
3881	4315
3882	4316
3883	4317
3884	4318
3885	4319
3886	4320
3887	4321
3888	4322
3889	4323
3890	4324
3891	4325
3892	4327
3893	4328
3894	4329
3895	4330
3896	4331
3897	4332
3898	4333
3899	4334
3900	4335
3901	4336
3902	4337
3903	4338
3904	4339
3905	4340
3906	4341
3907	4343
3908	4344
3909	4345
3910	4347
3911	4348
3912	4349
3913	4350
3914	4351
3915	4352
3916	4353
3917	4355
3918	4356
3919	4357
3920	4358
3921	4359
3922	4360
3923	4361
3924	4362
3925	4363
3926	4364
3927	4365
3928	4366
3929	4367
3930	4368
3931	4369
3932	4370
3933	4372
3934	4373
3935	4374
3936	4375
3937	4376
3938	4377
3939	4378
3940	4379
3941	4380
3942	4381
3943	4382
3944	4383
3945	4384
3946	4385
3947	4386
3948	4387
3949	4388
3950	4389
3951	4390
3952	4391
3953	4392
3954	4393
3955	4394
3956	4395
3957	4396
3958	4397
3959	4398
3960	4399
3961	4400
3962	4401
3963	4402
3964	4403
3965	4404
3966	4405
3967	4406
3968	4408
3969	4409
3970	4410
3971	4411
3972	4412
3973	4413
3974	4414
3975	4415
3976	4416
3977	4418
3978	4419
3979	4420
3980	4421
3981	4422
3982	4423
3983	4424
3984	4425
3985	4426
3986	4427
3987	4428
3988	4430
3989	4431
3990	4432
3991	4433
3992	4434
3993	4435
3994	4436
3995	4437
3996	4438
3997	4439
3998	4440
3999	4441
4000	4442
4001	4443
4002	4444
4003	4445
4004	4446
4005	4447
4006	4448
4007	4449
4008	4450
4009	4451
4010	4452
4011	4453
4012	4454
4013	4455
4014	4457
4015	4458
4016	4459
4017	4460
4018	4461
4019	4462
4020	4464
4021	4465
4022	4466
4023	4467
4024	4468
4025	4469
4026	4470
4027	4471
4028	4472
4029	4473
4030	4474
4031	4475
4032	4477
4033	4478
4034	4479
4035	4480
4036	4481
4037	4482
4038	4483
4039	4484
4040	4485
4041	4486
4042	4487
4043	4488
4044	4489
4045	4490
4046	4491
4047	4492
4048	4493
4049	4494
4050	4495
4051	4496
4052	4497
4053	4498
4054	4499
4055	4500
4056	4501
4057	4502
4058	4503
4059	4504
4060	4505
4061	4506
4062	4507
4063	4508
4064	4509
4065	4510
4066	4511
4067	4512
4068	4513
4069	4514
4070	4515
4071	4516
4072	4517
4073	4518
4074	4519
4075	4520
4076	4521
4077	4522
4078	4523
4079	4524
4080	4525
4081	4526
4082	4527
4083	4529
4084	4530
4085	4531
4086	4533
4087	4534
4088	4536
4089	4537
4090	4538
4091	4539
4092	4540
4093	4541
4094	4542
4095	4543
4096	4544
4097	4545
4098	4546
4099	4547
4100	4548
4101	4549
4102	4550
4103	4551
4104	4552
4105	4553
4106	4555
4107	4556
4108	4557
4109	4558
4110	4559
4111	4560
4112	4561
4113	4562
4114	4563
4115	4564
4116	4565
4117	4566
4118	4567
4119	4568
4120	4570
4121	4571
4122	4572
4123	4573
4124	4574
4125	4575
4126	4576
4127	4577
4128	4578
4129	4579
4130	4581
4131	4582
4132	4583
4133	4584
4134	4585
4135	4586
4136	4587
4137	4588
4138	4590
4139	4591
4140	4592
4141	4593
4142	4594
4143	4595
4144	4596
4145	4597
4146	4598
4147	4599
4148	4601
4149	4602
4150	4604
4151	4605
4152	4606
4153	4607
4154	4608
4155	4609
4156	4611
4157	4612
4158	4613
4159	4614
4160	4615
4161	4616
4162	4617
4163	4619
4164	4620
4165	4621
4166	4622
4167	4624
4168	4625
4169	4626
4170	4628
4171	4629
4172	4631
4173	4632
4174	4633
4175	4634
4176	4635
4177	4636
4178	4637
4179	4638
4180	4639
4181	4640
4182	4643
4183	4644
4184	4645
4185	4646
4186	4647
4187	4648
4188	4650
4189	4651
4190	4652
4191	4653
4192	4654
4193	4655
4194	4656
4195	4657
4196	4658
4197	4661
4198	4662
4199	4663
4200	4665
4201	4666
4202	4667
4203	4668
4204	4669
4205	4670
4206	4671
4207	4672
4208	4673
4209	4674
4210	4675
4211	4676
4212	4677
4213	4679
4214	4680
4215	4681
4216	4682
4217	4683
4218	4684
4219	4686
4220	4687
4221	4688
4222	4689
4223	4690
4224	4691
4225	4692
4226	4693
4227	4694
4228	4695
4229	4697
4230	4698
4231	4699
4232	4700
4233	4701
4234	4702
4235	4703
4236	4704
4237	4705
4238	4706
4239	4707
4240	4708
4241	4709
4242	4710
4243	4711
4244	4712
4245	4713
4246	4714
4247	4715
4248	4716
4249	4717
4250	4718
4251	4719
4252	4720
4253	4721
4254	4722
4255	4723
4256	4724
4257	4725
4258	4726
4259	4727
4260	4728
4261	4729
4262	4730
4263	4731
4264	4732
4265	4733
4266	4734
4267	4735
4268	4736
4269	4738
4270	4739
4271	4740
4272	4741
4273	4742
4274	4743
4275	4745
4276	4746
4277	4747
4278	4748
4279	4749
4280	4750
4281	4751
4282	4752
4283	4753
4284	4754
4285	4755
4286	4756
4287	4757
4288	4758
4289	4759
4290	4761
4291	4762
4292	4763
4293	4764
4294	4765
4295	4766
4296	4767
4297	4768
4298	4769
4299	4770
4300	4771
4301	4772
4302	4774
4303	4775
4304	4776
4305	4777
4306	4778
4307	4779
4308	4780
4309	4781
4310	4783
4311	4784
4312	4785
4313	4786
4314	4787
4315	4788
4316	4789
4317	4790
4318	4793
4319	4794
4320	4795
4321	4796
4322	4797
4323	4798
4324	4799
4325	4800
4326	4801
4327	4802
4328	4803
4329	4804
4330	4805
4331	4806
4332	4807
4333	4808
4334	4809
4335	4810
4336	4811
4337	4812
4338	4813
4339	4814
4340	4815
4341	4816
4342	4817
4343	4818
4344	4819
4345	4820
4346	4822
4347	4823
4348	4824
4349	4825
4350	4826
4351	4827
4352	4828
4353	4829
4354	4830
4355	4831
4356	4832
4357	4833
4358	4835
4359	4836
4360	4837
4361	4838
4362	4839
4363	4840
4364	4841
4365	4842
4366	4843
4367	4844
4368	4845
4369	4846
4370	4847
4371	4848
4372	4849
4373	4850
4374	4851
4375	4852
4376	4853
4377	4854
4378	4855
4379	4856
4380	4857
4381	4858
4382	4859
4383	4860
4384	4861
4385	4864
4386	4865
4387	4866
4388	4867
4389	4868
4390	4869
4391	4870
4392	4871
4393	4872
4394	4873
4395	4874
4396	4875
4397	4877
4398	4878
4399	4879
4400	4880
4401	4881
4402	4882
4403	4883
4404	4884
4405	4885
4406	4886
4407	4887
4408	4888
4409	4889
4410	4890
4411	4891
4412	4892
4413	4893
4414	4894
4415	4895
4416	4896
4417	4897
4418	4899
4419	4900
4420	4901
4421	4902
4422	4904
4423	4905
4424	4906
4425	4908
4426	4909
4427	4910
4428	4911
4429	4912
4430	4913
4431	4914
4432	4915
4433	4916
4434	4917
4435	4918
4436	4919
4437	4920
4438	4921
4439	4923
4440	4924
4441	4925
4442	4926
4443	4927
4444	4928
4445	4929
4446	4930
4447	4931
4448	4932
4449	4936
4450	4937
4451	4938
4452	4939
4453	4940
4454	4941
4455	4942
4456	4943
4457	4944
4458	4946
4459	4947
4460	4949
4461	4950
4462	4951
4463	4953
4464	4954
4465	4955
4466	4956
4467	4957
4468	4959
4469	4960
4470	4962
4471	4963
4472	4964
4473	4965
4474	4966
4475	4967
4476	4968
4477	4969
4478	4970
4479	4972
4480	4973
4481	4974
4482	4975
4483	4976
4484	4978
4485	4981
4486	4982
4487	4983
4488	4984
4489	4985
4490	4986
4491	4988
4492	4989
4493	4990
4494	4991
4495	4992
4496	4993
4497	4994
4498	4995
4499	4996
4500	4997
4501	4999
4502	5000
4503	5001
4504	5003
4505	5004
4506	5005
4507	5006
4508	5007
4509	5008
4510	5009
4511	5010
4512	5011
4513	5012
4514	5013
4515	5014
4516	5015
4517	5018
4518	5019
4519	5020
4520	5021
4521	5022
4522	5023
4523	5025
4524	5026
4525	5027
4526	5028
4527	5029
4528	5030
4529	5031
4530	5032
4531	5034
4532	5035
4533	5037
4534	5038
4535	5039
4536	5040
4537	5041
4538	5042
4539	5043
4540	5044
4541	5045
4542	5046
4543	5048
4544	5049
4545	5050
4546	5051
4547	5053
4548	5054
4549	5055
4550	5056
4551	5057
4552	5058
4553	5059
4554	5060
4555	5061
4556	5062
4557	5063
4558	5064
4559	5066
4560	5067
4561	5068
4562	5069

test
0	2
1	14
2	25
3	27
4	40
5	44
6	45
7	66
8	67
9	74
10	83
11	113
12	127
13	129
14	154
15	164
16	183
17	226
18	229
19	230
20	243
21	267
22	272
23	283
24	309
25	311
26	329
27	333
28	334
29	345
30	351
31	365
32	373
33	377
34	390
35	394
36	405
37	412
38	413
39	419
40	430
41	455
42	481
43	482
44	486
45	491
46	496
47	498
48	500
49	521
50	522
51	535
52	544
53	583
54	589
55	594
56	598
57	599
58	612
59	615
60	624
61	637
62	638
63	642
64	643
65	648
66	650
67	655
68	667
69	682
70	695
71	710
72	715
73	730
74	734
75	735
76	741
77	804
78	826
79	848
80	877
81	881
82	897
83	908
84	909
85	912
86	917
87	926
88	929
89	939
90	941
91	943
92	949
93	952
94	981
95	1004
96	1008
97	1012
98	1013
99	1025
100	1034
101	1045
102	1052
103	1060
104	1079
105	1084
106	1119
107	1121
108	1130
109	1132
110	1134
111	1136
112	1163
113	1175
114	1181
115	1185
116	1186
117	1198
118	1200
119	1201
120	1206
121	1219
122	1228
123	1254
124	1255
125	1273
126	1276
127	1306
128	1318
129	1326
130	1338
131	1344
132	1349
133	1354
134	1360
135	1382
136	1385
137	1393
138	1394
139	1400
140	1402
141	1407
142	1408
143	1422
144	1431
145	1444
146	1450
147	1454
148	1459
149	1473
150	1475
151	1481
152	1485
153	1496
154	1506
155	1517
156	1532
157	1539
158	1565
159	1567
160	1572
161	1576
162	1580
163	1581
164	1599
165	1611
166	1623
167	1627
168	1632
169	1644
170	1645
171	1666
172	1670
173	1672
174	1676
175	1690
176	1701
177	1717
178	1731
179	1732
180	1733
181	1734
182	1763
183	1765
184	1780
185	1789
186	1801
187	1807
188	1819
189	1829
190	1837
191	1863
192	1867
193	1868
194	1879
195	1893
196	1923
197	1937
198	1940
199	1966
200	1967
201	1982
202	1986
203	1990
204	1995
205	2001
206	2021
207	2026
208	2047
209	2052
210	2076
211	2084
212	2093
213	2097
214	2105
215	2111
216	2118
217	2120
218	2123
219	2126
220	2134
221	2156
222	2181
223	2186
224	2193
225	2224
226	2259
227	2268
228	2269
229	2277
230	2282
231	2289
232	2293
233	2301
234	2302
235	2307
236	2308
237	2333
238	2334
239	2351
240	2353
241	2381
242	2392
243	2393
244	2394
245	2399
246	2408
247	2447
248	2457
249	2460
250	2467
251	2468
252	2490
253	2502
254	2513
255	2523
256	2537
257	2543
258	2544
259	2546
260	2549
261	2551
262	2563
263	2599
264	2601
265	2609
266	2616
267	2621
268	2625
269	2640
270	2644
271	2649
272	2681
273	2699
274	2721
275	2760
276	2767
277	2768
278	2774
279	2779
280	2783
281	2796
282	2803
283	2820
284	2836
285	2875
286	2901
287	2920
288	2942
289	2985
290	2987
291	2996
292	3010
293	3012
294	3017
295	3018
296	3023
297	3035
298	3036
299	3044
300	3056
301	3060
302	3063
303	3076
304	3083
305	3101
306	3103
307	3108
308	3129
309	3133
310	3142
311	3143
312	3147
313	3183
314	3192
315	3194
316	3203
317	3206
318	3211
319	3216
320	3217
321	3225
322	3226
323	3242
324	3252
325	3263
326	3279
327	3282
328	3296
329	3311
330	3313
331	3322
332	3323
333	3339
334	3352
335	3358
336	3361
337	3362
338	3366
339	3367
340	3381
341	3384
342	3387
343	3392
344	3403
345	3409
346	3427
347	3430
348	3434
349	3448
350	3449
351	3450
352	3456
353	3471
354	3474
355	3477
356	3485
357	3508
358	3544
359	3548
360	3569
361	3603
362	3611
363	3612
364	3621
365	3627
366	3630
367	3632
368	3633
369	3636
370	3648
371	3661
372	3662
373	3683
374	3701
375	3713
376	3714
377	3715
378	3739
379	3744
380	3748
381	3749
382	3758
383	3775
384	3785
385	3804
386	3835
387	3862
388	3870
389	3878
390	3885
391	3891
392	3892
393	3894
394	3898
395	3918
396	3940
397	3942
398	3944
399	3949
400	3974
401	3981
402	3986
403	3990
404	3993
405	3997
406	4008
407	4011
408	4012
409	4029
410	4038
411	4040
412	4049
413	4053
414	4068
415	4082
416	4099
417	4112
418	4150
419	4152
420	4155
421	4162
422	4167
423	4182
424	4186
425	4200
426	4213
427	4231
428	4252
429	4255
430	4274
431	4278
432	4284
433	4285
434	4326
435	4342
436	4346
437	4354
438	4371
439	4407
440	4417
441	4429
442	4456
443	4463
444	4476
445	4528
446	4532
447	4535
448	4554
449	4569
450	4580
451	4589
452	4600
453	4603
454	4610
455	4618
456	4623
457	4627
458	4630
459	4641
460	4642
461	4649
462	4659
463	4660
464	4664
465	4678
466	4685
467	4696
468	4737
469	4744
470	4760
471	4773
472	4782
473	4791
474	4792
475	4821
476	4834
477	4862
478	4863
479	4876
480	4898
481	4903
482	4907
483	4922
484	4933
485	4934
486	4935
487	4945
488	4948
489	4952
490	4958
491	4961
492	4971
493	4977
494	4979
495	4980
496	4987
497	4998
498	5002
499	5016
500	5017
501	5024
502	5033
503	5036
504	5047
505	5052
506	5065

