443101
20054964
5354
60662
102678
11626384
2799
135409453
65948
9556529
60196364
5154
38911
4474
150762
64722
65329
2726
165457
28620
5284613
135430323
65495
2157
66062
14552708
5482
5281069
5452
10206
5281881
60712
12629
60196290
9849425
10209
177843
5709754
47471
9046
2378
154256
656641
6437380
3634
24351
53388
66064
24978536
3760
667466
3696
969494
122077
5281032
5978
2722
6005
11296583
4748
19910
3599
6540478
3062316
5475
54685920
10830
5362123
31475
259331
135398737
2377
10219
5746
16051941
446541
4615
4418
65620
68939
449459
14369
134018
2351
5282375
54897
161104
9910986
5489012
198015
178144
65776
123596
62978
6237
36303
135400471
42725
6604495
214348
3053
28693
71203
68873
65909
6708701
3033968
173636
3059
135565635
10631
30323
2898
1549008
10982
3326
4768
4497
3333
3476
4932
123924
74990
68304
79472
5741
43032
24871267
163751
175533
441336
10531
27400
5472495
9868041
5352624
67678
10113978
5284629
9561033
5282184
443375
5360232
146571
2581
119583
11219835
5480
65906
6719
65894
10041070
5458876
57823090
130313
54676038
5656
3779
71873
61574
62881
39764
168088
68651
23675312
23666711
23675786
23663400
10127622
54339
10212
71080
54260
69588
4302960
104865
107926
3515
8089
57469
4883
4006
27447
5073
2750
5775
71773
71310
108092
92968
656829
56031
54840
6420040
5702159
60839
65464
441398
20848883
123608
107999
63002
62999
64647
5362376
160157
17276
19529
39526
5042
16231
151166
32798
443943
8549
56463
5281613
33334
6420033
9588170
4488
48229
5324346
18343
150311
4847
16363
15443
123879
57242
10832
2732
4870
5560
122685
10634
18637
21102
5625
5468
36663
6271
72098
3739
10382
5282409
60196343
6024
2741
39299
7699
5360515
444008
2577
229455
6135
11043
50491
5443
4614
4567
1050
5281855
71648
2052
3341
6999030
72276
325003
55483
5311067
219081
62418
208898
357904
3060974
156418
33630
5284439
2453
71208
2817
71413
122125
54686764
60196404
4106
6450551
11366
16218822
16211385
11556711
147912
5288783
19675
5311217
123015
5309446
60196407
6603149
65327
3627
92178
941361
208908
13118
16682738
18669
8155
75194
5282219
22678982
5282138
46861540
3085326
124087
2801
3686
62960
16212610
64139
123631
24964624
16667700
6855
11375816
636402
444030
35455
9642
156422
92727
3242
610479
5356789
9571016
66069
115367
5561
3955
3386
9454
93858
3728
2734117
3015167
23663959
5323714
54459
1547484
5717
3607
3749
9677
37392
65341
64713
45006154
54360
22576
5887
5281098
54685047
158793
444005
34632
299728
3036780
74989
71821
3151
4927
2753
2484
176167
71894
5074
2448
68186
9927058
5311498
5918
4963
3295
9509
3950
60196362
6420038
11957725
5720
60164
65999
4030
4622
444025
27812
5330
55251
60703
667476
10288
5281078
5311066
2466
676166
60196342
5748
8288
7083
443866
6282
11953895
11954316
441242
23667639
23663976
23681233
23704143
5702161
176870
60605
13765
657381
4850
10255
9051
16574
9818306
6216
4636
39147
5311309
4507
3291
54677972
13953
12008
28061
54671008
71277
8926
3025
37274
636362
5282386
101925
8520
64740
82325
65477
80311
9570076
160796
5702220
56205
66063
10126299
6084
56846451
128918
56207
60749
44383
60196354
71764
2081
1981
3658
151194
71771
65758
71386
5736
77999
2913
5282485
49381
135398745
656743
671690
3081361
28446
4011
120070
3074
2520
3828
3647
1359
5790
15387
5265
60785
9386
11350
51045
8820
54117
10275
119182
119607
5362118
22601
13764
5359
4893
19646
47528
54680694
5702167
5358907
6434144
4888
6436135
6241
108143
3374
57364
2541
5284600
16051942
3784
69188
616236
7187
1967
5284596
2294
2449
50942
1892
4487
60198
6293
5342
13789
123606
14604
5336
71611
115366
11391
26618
44093
54585
6738
68943
56959
5281081
5816
159278
107930
5359371
440707
63047
82153
3730
56801
10921
5883
160243
71489
6461
657306
7550
8246
19004
5459110
6852391
6604557
6243
22475
6114
11548
6060
5831
8307
39328
8732
16051918
197942
135445761
5284631
6172
24244
168884
71518
23706212
44561
8736
71484
9862176
23894
60196280
20933
23681059
23694214
5258
23662369
23663939
23663996
23663985
23681107
23677829
23678596
656833
23675320
60196356
2724368
23663974
23665410
23697816
54676537
4496
4506
6883
16976
71668
6126
6419942
135413497
688145
34040
2435
71693
56972160
60464
179651
152951
3604
5282182
5284594
5374
68712
7619
8447
644020
104845
247839
6918305
71360
4409
4740
4938
5719
37384
1990
16051969
26248
5745
224246
5834
5702068
71414
5952
3324
60561
71128
148192
37907
33478
60871
62531
4912
193949
44112
4174
4621
131204
8262
3775
3671
2447
439524
3778
2161
15250
6018
27990
5284607
5902
65681
3114
688561
180559
21138
5037
4930
2369
2119
4828
3038522
36339
791
55283
57782
4977
8226
9681
107921
68909
2225
38103
47965
9802545
65947
60196260
5311429
51576
1549992
33039
4054
15459
5282443
3475
5379
71815
5585
854026
40632
5343
65280
71267
5707
60196268
6736
3433
636411
65684
4820
62330
9983292
27368
28891
4994
72016
3487
666418
9985
91670
8221
65770
5095
119570
135399235
6321253
5531
3042
2562
3275
71188
3033769
54477
688272
2159
133621
54746
6034
5536
7183
17275
6420071
9794197
50878597
3025067
11957635
6048
10648
6420039
5284409
40127
10969
135398741
104769
441307
71172
118264
123698
102426
15165
157917
73093
11957593
117965
92159
91274
6917787
60758
73957
55397
175804
42373
122824
3083802
5763
92806
517321
68549
2728761
14051
33254
169743
67533
83201
11705034
60196365
135409535
6420041
73356
10664
45073437
9928181
71454
28767
92876
60196361
33611
71401
163727
131746
64764
10766
6419921
43261
443945
53398649
8695
9883104
122188
155290
60875
65483
176015
441412
66061
11957707
9855548
68385
119442
129791
17683
6136
3045335
9899402
167980
66264
11647992
57004
54384
73334
10158453
115227
2723716
14219
76621
27944
23625795
34001
6917754
157313
60510
16051987
9082
6918132
6917941
60946
65326
64710
6433169
2723635
91442
71417
2843496
108173
32169
92163
38102
6438130
101526
5282402
121097
54765
443873
54889
16219127
441345
9883259
6918303
68626
5702214
67313
5485193
207841
66007
5702285
23360
22162
10131132
11368
26964
5977
8313
51039
54679224
2769
2264
2783
1355
68907
2733
6103
4652
65659
2284
60910
55652
3034287
28554
3019
3878
3517
4514
11658860
5487
2803
65854
5472
10783
65628
441082
5732
88836
60857
5475158
39186
3100
68848
54676478
2230
3827
19861
4184
969472
3357
159977
119525
16351
4583
60651
5387
135413523
157672
5910
656665
77993
65399
71335
71808
60196270
65958
4032
5358
30627
5388977
34458
69301
26650
120081
68713
2194
2197
3936
4117
5092
11104
4500
6257
4810
5323
9047
4679
275196
33925
123619
71329
3052775
2829432
127150
47812
71346
9873
35375
2315
3356
5070
60196375
5723
3366
3822
3168
337359
3393
5905
9305
644280
11088
2755
72124
50287
36143
135512460
6322
3058739
6234
60196308
588
11650
2468
2734952
448812
9853654
60196272
3316
5394
129228
17513
104762
21743
863
34312
4107
4770
6474573
44134533
5310987
65957
135408763
4723
451668
2130
151075
261501
4201
2446
4168
7176
7174
2480
5324
5319
11033
31390
5335
66909
39214
5282435
135398513
20055424
2320
23418
21453
21640
135410906
3011155
60961
6076
750
37768
3446
43961
774
564
10230
68844
6307
3058754
2273
4165
4121
15763
2122
2343
2904
2910
5734
2765
55329
157690
12598086
6419962
38882
56649463
33741
60855
3037582
11914
65784
5280360
71616
6904
104838
73303
60196269
33624
444020
12597
11333
60196370
4511
6317
9570327
72179
70912
70914
25561
3723
6806
8798
67406
5055
53708
4122
3362
105104
4753
4842
3335
4671
107867
4848
779179
31593
3276
68835
145815
121396
9574235
667497
15432
10252
4922
71895
42963
3676
24361
47510
170344
3736
65492
17693
68770
12628
91610
5597
124886
2148
464
8614
71651
65768
68888
2578
4913
70374
5702132
4472
51173
3083671
6433334
6420010
5282318
5702242
5702293
6288
6918493
197883
7405
93176
7314
2006
312915
71321
2787
3965
594
2000
264891
21718
135749823
197066
298107
441328
441199
33255
68610
142766
50294
3229
4855
4831
2762
4849
4410
6674
68706
28858
71399
65708
2005
53555
6207
2120
546
443872
8969
135511839
77990
6604561
5284360
5161
4476
107807
5362129
5353788
29112
3373
2515
2176
34081
60953
54580
6839
4595
221071
2754
59708
216326
65632
8522
2151
4760
6780
11808
2196
71384
16258
135398638
3448
426756
6300
91453
56971
3932
5268
110635
27918
208953
68841
6083
5479
41781
5332
5325
5326
5315
4806
17134
7181
54343
14895
5361
517304
12947
20056828
636396
60196261
60196266
114811
5282136
4236
69594
8739
60582
2471
5388962
37888454
36273
15232
5282474
444212
1080
5478883
10718
3332
5483
9330
3689
15723
3055
4674
4904
4581
3169
3681
10944
51634
157355
5424
54677971
71916
18087
6301
441334
441333
443879
441350
6057
68310
4765
1985
164739
12305037
7436
68313
5610
681
74325
8364
8609
36811
59227
71643
135398641
5284587
20469
16490
26133
5282494
5593
135398748
135398740
3182
3724
3743
3741
4059
5146
11474
444254
3961
134669
441314
1550874
71905
5002
3418
2141
6668
65790
72146
5702162
104920
51392
46780884
16211009
23705
15337
34469
41114
11477651
13662
31204
3378440
22833503
27020
10346
6815
6928
7308
13101
638015
5281875
71478
6536
10345790
6537502
9562059
94398
53249535
352309
2734231
7589
9959038
177
53316382
60196406
60196379
61253
62253
46226173
23160059
10483134
60834
10229
23558
62857
163263
60196408
6240
60196441
10568
83648
14249
31239
130990
15284
87323
6867
53316407
18771
14586
62556
170364
75444
122087
86138
17599
62459
62379
2775940
181518
16211417
86211
2603
18506491
60974
77080
107720
28700
63009
60196397
9810771
91699
406563
11957654
8154
3191
3396
42981
6439420
76716
12942137
5284459
1549520
3033865
5993
86354
16719
7097
60196411
3108
472181
26710
53316396
9158
16682828
44235958
77328
9885850
2540
9885981
85821
16683072
458426
86173
102724
5364713
2734229
6857648
16682834
80277
16682740
129491
69765
26030
6931
86287521
14708
10044526
15530
8268
71833
28308
13636
91693
3068143
15325
20708
3503
16682746
9984487
43815
66030
7188
11074101
16683023
60795
72092
119175
4921
11969480
16654936
60196414
24944555
3372
6327657
10159191
10233356
62829
17520
5035
4641
33786
4443516
93335
2800
51082
10250129
104850
671
83656
7511
21013
17533
14145
67274
9786
38072
9934458
6422843
174223
219050
22078297
91593
11292
12898
24809526
5371728
1730
11859
21694
50367
213032
12184591
13745
19402
25015677
4788
15588
2734225
92873
92140
62770
213016
2126
5354284
6872
32912
93541
21804
16212746
644213
62477
50516
20167
3109
91778
91731
4320947
9719
6918454
2097895
18198
60196314
9867257
10935
65057
586708
8256
82917
91688
9908126
9801235
6912870
4128060
62530
22882
154914
7626
11852
170286
153974
15098
71612
60196403
2723715
7551
22833294
14385
9865233
61080
66461
6850780
8540
11402127
6436079
79717
7495
180494
68539
31677
5930
12040509
60196415
29393
14869
13961743
86287525
93379
223368
8621
60699
1910825
11285653
6112114
15927
23700188
11488
39230
10201497
60823
16760153
11442
74062
34468
82145
17231
91754
11723708
5284462
7483
50895
4534
23666110
67005
6557
91768
11048796
8010
11568
5377323
84677
82161
169664
28503
60196435
60196381
16218793
329983
61186
13530
26596
409301
4066
8442
42574
9954540
104677
171660
38221
5281162
11485
13783
53665
5281707
3926
17531
6918686
13514
61948
10234
5381
70414
104827
20113
21330
9958
60196405
75146
70811
9895468
176879
6256
91708
18980
6440940
115157
14503
833466
44578765
67277
60196376
15533
60196421
3036974
3086618
9888347
449171
9861124
6881
3034285
53316380
71027
28768
6610
21387
137895
4578030
86210
30709
91766
10403199
153939
1807
103005
232446
16533
2734239
2734172
16682736
24852044
23668568
6451
8272
3884
25099474
19602
656667
18177
969491
13428
91692
10068207
13930
22239085
10455790
1539
68297
1091
10160166
65552
4420067
441371
16741
2734223
6450278
26391
7309
53316391
8228
117746
7693
7607
2734243
10411334
23540
9869105
24007
14347
40087
65494
446155
11097730
28292
16036578
75547
31208
2734237
23665884
39485
8030
62105
2723885
6440556
11460221
9809
6724
20849290
115089
6799
14050
23678979
60196409
16449
442495
23368
3086172
5273621
2734175
93312
36382
175468
16722125
5281567
27582
62351
21917397
23668353
8507
16700
68226
10423
9907412
1674
151318
79358
5271569
7684
5355863
66573
61345
6589
16854
807
11597
7946
7812
3034319
30692
517000
11102
19658
7120
9821217
17701
9969177
9576412
9909677
4257
53257735
5311093
86367
213037
208836
3054
60967
15981450
69785
156414
5942
6436605
2336
18480
2374
62969
2723754
14994
85505
9849616
65953
9938056
95717
62441
7586
1711973
93118
6620
119193
6527
60196316
18173271
60196301
7070
123504
6371716
69484
16051930
12932
7253
23673604
23690438
31426
34697
17321
13218777
79688
5702746
60810
5801
6451325
9799979
22094
6603901
3712
15412
6024631
11764
14300
445070
8038
54886
133264
4115
7571
86398
38360
75282
59086459
387179
10207
24350
60196419
27295
61179
9930932
637892
7557
70425
94647
73773
9601227
9462
18542136
83050
7018
13619
320930
73848
2346
11774
69908
91753
8373
26049
38884
24814
642197
25912
66760
17931
3307
83322
33360
77222
74483
3317081
637930
10855
11872
11193251
51605
6818
65114
10789
68289
23669238
69026
95428
15206
1474
18048
16213711
5283345
162012
28207
60196436
60196325
643833
21803
25608
9690
85192
7321
4964
9935274
4887
5281025
9414
657220
67236
7726
15008
7062
2734163
85025
23677927
23665770
12589
18603
94544
9253
54687772
31957
76262
113124
91655
60196332
81346
17168
1489
36870
53672
132916
2724588
997
6956
116814
12036651
75868
6359
20936
21499
5284385
7212
32346
6979
10824
4338370
9956127
10168
61204
67065
21059
60196399
7666
9164
92629
11684
11783
7296
11909
7791
18056
6214
8330
26132
9567
21208
6621
5787
70613
23665583
7264
5377793
197873
2723853
80434
7543
3078952
2333
22833506
17819
170530
44368
13940
3391107
17569
6694
5360487
65067
7490
10303
7472
6051
93098
6537489
6777
6624
23019
29354
5281607
15529
60196425
5365642
9949821
31492
18992283
27211
40520
98282
5334
15420
135423095
23703979
66067
6533
6733
93528
11254899
34313
5481119
23892
62130
10771
16659
11140605
53316379
75588
67589
1549133
21859
6778
6683
2361
71482
41478
117640
20240
3032792
32872
19522
62500
13708
8041
70400
25146
21935081
60196402
20965
17305
9850056
18170
53316393
10287749
7348
60196440
10134976
75557
929262
10236
6731
9866250
96088
13254
7546
700999
19999
5284468
17462
82167
16887
33258
135414420
135442941
25059
38283
7778
61718
61585
121639
93221
22833326
1345
61031
105010
33133
216237
9951932
86296
14716
8144
135464373
12150
7192
13363
90547
65340
10342051
7578
2775
91590
12797557
17279
16420
77406
8570
10313
11982778
5281055
85557
69779
91707
41270
7090
135430996
9869142
60196400
12472902
6435993
23674746
36565
66571
11769
11247
62576
459494
69317
65575
74867
17110
66609
9865929
61719
47898
54745
526624
60196388
85335
60196324
200391
22833489
23017
67821
9731
19756
7265
70801
12089
6669
43704
3894848
93011
73851
5378708
35751
16116
5282203
31736
445638
12530
61225
66636
65870
9969573
86015
18502
92238
5354626
7258
11571
135418174
17570
15730
9931156
9568078
115268
10560335
15407
11746
8919
24321
9855795
62475
7045
64961
7354
8247
39385
13065
61018
34306
60196410
97354
7441
61663
356
8175
34526
19463
6364671
24802109
46783063
9568
5284472
6328152
5284361
15766
77378
5388510
19113
22206
16115
6636
29872
31331
182951
31100
67542
2734247
142891
3727
135436526
62389
8039
4921319
2737408
8765
20352
7015
60196432
21619272
9948
5354342
78138
76079
6625
20848
78435
919792
249494
7518
31200
82056
76564
17880
159747
7748
16683
93365
7219
69885
64819
67285
12053
6259976
1549018
20750
27882
23537
15466
7333
94310
5283292
11006
8148
8902
16666638
7873
3041255
25607
116529
5811
88365
12468
7328
21058
16945
16726
24648
7415
18196
27901
9839190
76476
53316418
9842616
5364079
3830
6936
24433
9843744
70248
80519
11876
6259
7797
10432339
13849
86222
11826859
41690
6479
91604
8438
7865
1118
73917
91683
6506
175854
67299
5281771
439260
20701
62411
13836
11499271
11076461
518872
23672329
24671
71577
9001
4068533
23665719
23691974
23676736
33256
4669250
92321
24608
7281
11309
12744
10867
5365552
9246
8082
64865
12512
12734
7465
60196424
13551
85979
7745
6365
3305
21210
4564493
9576037
7259
7949
6101
10285
16640
47491
91984
25833
15313
53316409
73764
20275
99953
5355
8179
5702667
3057998
135529432
60960
31373
66207
6233
38037
97971
300
6574
95402
11906
82728
197835
23421
67284
17581
21576
91538
15359
37125
67967
15678
7155
66623
6894
10949
60196350
11101
6945
637520
70308
7170
61290
5364509
16183
69508
15816
8422
4783
34766
17435
67329
38854
91770
534543
6961
8428
94932
5815
8416
7673
1550489
19996
23690437
6439929
91757
38779
9872438
60196322
9882837
17652
62217
69150
31420
6633
7112
23347
65478
95170
74937
1787910
79633
34757
636398
6772
197059
31899
6537498
12309460
5280378
7331
15277
98613
12185
9483
90282
16143
29307
5284349
4292413
7825
6929
75454
3014138
79081
91773
5284341
627458
6053
29216
13622
9526
10021362
7071
5354266
7659
22833321
16821
99016
5284448
54682536
92884
23662264
20803
23668198
21534
11818
40301
9797360
61249
5897
12867
107080
173058
16212880
442482
91555
9865514
9609
6252
24385
82646
9300
80037
15969
61594
25622
60196420
3045407
77797
12184311
156328
93162
67350
70038
5364420
27195
7595
5282215
6788
243694
7020
20812
12111
7563
11796
66597
5743
6433266
6629
16212317
14012
10329304
3714831
23670838
5284435
23686673
8407
18290
158629
6025
638088
17046
6537494
31253
10132209
67349
7115
9147
8081
15032
89440
11229
10407399
10430
51369
442343
27457
91650
14569
442972
31225
8343
62902
11258643
87391
9831581
32184
60196319
5281874
91673
6899
39985
78490
75654
67955
56638112
86369
2734179
2734249
6948
69827
53462
7475
3300
36679
11955
17516
26033
61014
7984
1712094
5281565
6693
82703
22628
54678504
75575
24180686
100524
3286
18732
31298
24393
62542
23700088
22833320
10762
22704
23354
6588
12368
5320128
5281516
16004722
21932259
6434236
641256
7216
8125
9171
8029
74195
86160
16678
94355
11345
31355
41632
94314
443947
519382
5365976
61527
7811
68236
74791
14257
16591
6828
14337
7098
17695
6517
60196318
443297
102484
7007
6593
22544
28697
3081304
90098
5067511
5372405
2734177
67818
62300
11472813
15752
4984721
7694
62672
3417419
541
7482
11761
83063
31224
14090
74282
8840
213013
6537488
72700
6442928
462368
9819350
109029
9926621
16907
15967
60999
3033674
61812
443048
61059
86412
96509
162268
6528
49837
62142
9445
7144
12570
11302979
16463
79050
15512
15144
76497
61163
7509
14493
6285
2734241
78738
82326
12038941
11995188
23672325
8896
24934
3032297
23665771
23695542
23675081
16760189
135565106
16760658
57351929
23683016
24846
21501
11192
76767
61972
18728
155166
19022
6333
8258
5356785
7656
53384398
21265
62452
11731903
91783
17181
8834
20769
18510
7499
7094
8405
9268
9117
84872
11622
7904
60977
9571009
92299
15627
7230
6545
6405
86751
6590
11230
7462
11524680
62660
106729
3744660
106701
6364
17291
11734
6568
517637
7460
20138
93375
10695
120101
12266
12160
8652
61670
15132
2763760
7272
164282
61953
9568808
62328
13381
8182
8007
20691
11674455
93502
8210
6451155
71245
12733
24721009
94308
3030770
60196310
59694
60196321
66204
24290
81811
69819
11011
8370
10693
70755
91664
40273
12471
10780
16002
7158
15625
6730
77531
37034
65394
36274
3047798
7856
15122
108675
24819
77463
8037
81133
60196412
12682
112039
60995
8499
3420996
80777
5311271
25238
90263
60196413
9555
10008
78972
88022
7724
70315
2777982
8474
17818
77956
10439
15078
16720
4528
29228
8390
11356
66011
8502
7494
16097
11875
8651
13888
10883
11284883
77929
77780
62240
79571
10315
5354133
9930121
70381
222464
71837
114994
8594
16247
47938
10251042
62428
94232
7980
90551
285097
62583
3033871
676486
81829
688576
12443
6811
13709
81278
30623
66491
92425
64805
16700308
13671
164512
6534
97004
31386
104143
178019
447
34665
151173
54675810
76674
12127
2518
79302
12580
11843
5371102
15624
10187
14295
92822
78860
7767
67322
19079
15906
16698
16421
13676
15290
91500
24798
112264
16719897
19838382
5311398
12248306
13240377
2734160
2734167
28118
60196384
210301
11459786
11448496
11832800
31170
61701
516900
23678874
23674215
23688987
4649906
24436
23668195
517055
23668194
23675737
23661981
5076555
23677323
23689980
23663963
23662382
23676752
4385787
12056759
23703451
31389
23665706
23683938
4379756
6480
36392
7568
3543259
11803
12252
70724
9867605
13602
7280
114809
542762
641245
6227
68527
7498
18430
13000
8208
81364
13166
87019
6931391
53316417
60196395
25171607
16211409
21977262
11171853
12040508
24705
24771
14456
7794
8835
250096
5357002
11245
12228
34763
17234
122600
15394
7294
16627
18827
18273
61138
11598
7850
7617
8080
81184
7044
7046
9223
241
9261
12586
10452
9257
31217
2724159
77353
637759
11748
72884
95416
62341
12209
11584
8205
70700
6417
19871
69861
94684
6403
77680
15538
61207
24314
61931
61247
11673
4678
20739
60196427
62421
7792
66932
61048
7992
27979
70452
7313
4915
2249
19920
90960
61016
85862
24233
6502
20129
2723949
15287
125098
15050
10795
2723856
13638937
6433944
5362792
31335
67000
75472
5282108
5372174
11750474
439250
13398
11560
31070
7251
66172
70754
13754
11492406
11304
8491
10364
7250
67054
7731
11387
7055
7060
39040
8712
6924
7301
60976
12748
153909
82227
92874
440967
32065
11328
52999
73282
31263
7803
27941
86749
7358
22833454
11750
43598
16726630
11357
27458
74563
12180
24915
7762
11048104
7668
8900
31286
12395
23741
8217
8127
12527
8102
6276
7621
11424880
11492381
2734246
2734250
7881
13831
8012
25418
8995
8769
8021
6516
6515
5366352
91742
9013
12120
71404
81766
24194381
8893
10941
6852406
6389
11666
6432115
5765
80786
76191
16990
41428
47455
88209
65522
22710
33176
524314
7262
16773
213021
7056
29858
8368
91734
8553
54778
107646
7751
68191
6577
74828
7479
93252
8084
17111
449293
60196398
6918106
20473
94866
19223
22833
7702
61054
66793
21622
81784
8925
8472
4474062
31573
18374068
2769348
11437710
75360
6409
62406
9578
2736548
9709
5237
12635
12104
10721
76921
8151
21984
54675776
6861
135403591
5282450
75893
37524
11741
7260
24116
6926
5432
20239
75982
66117
8017
521998
5284429
159678
82170
6912
5281056
6134
15436
8494
11899
11346
27054
6829
62823
8137
68119
69144
11858
7604
6504
36081
22833466
96430
70355
84098
7166
587128
10890
12328
8046
10886
8878
15612
7985
7829
31218
8049
8048
5362417
11112
60196335
60196312
970
1148
91749
91739
8575
14205677
8617
385
10457
53359
757
38235
70916
111032
6143
97780
92421
7165
7590
75903
14306122
82751
7054
6211
10434
7940
8710
61828
135398752
62347
8453
80480
62835
15546
6681
11074
20056549
135408753
6602188
10241
6737
6996
7707
92363
8819
21845
13345
78452
5371560
6328250
6649
8420
67060
22833295
8481
14075
10367
8374
21220
10758
121752
25572
62661
62852
7933
75518
3083585
5281764
7210
31352
80373
7675
96132
7620
8019
73791
12793
13282
6927
4523766
90479
15510
2723630
2735045
6773
22086
62210
7737
2513
15439
86583
34051
9554
20393
3034351
21660
23672293
256687
21080
61124
17244
20054967
2723622
32739
5325504
19587
25127
67215
16834
7102
9570475
8180
24743
16872
75494
6688
5319879
47462
60196428
2776282
22456
60196430
31296
117291
92877
198707
66357
18756
8187
9207
8028
638500
5365748
41368
10269
93516
18360
12860
10453
16096
62539
6076971
5283335
10891
24287
24191
90571
20525
33443
132932
12148754
64949
5283387
62329
60196434
20725980
8433
213031
92942
803
12259683
7194
180089
133914
261668
28999
7392
6013
68023
6670
73668
21685
22833389
13487610
60196426
6277
3032581
3255932
13214
657302
62390
10226
41381
40813
13432
135459645
31353
8888
6537499
60196396
62467
75706
6328651
81080
6565
7847
75227
22833395
638081
64832
26068
83268
32241
576026
91776
104635
591200
118285
7439
18370
117915
118193
11127402
19165
16932
135503327
7798
6428555
5284499
33500
125564
129319
154915
78771
10754
15984075
6627
61510
22833502
50293
15629
7899
8171
61008
8385
7119
3032472
13905
10145345
9963
5238
2723951
11907
44341259
12699
13205
22563
8706
15660
81629
79242
14802
12576
638144
11243969
61051
81984
25106
240119
4047281
86429
6145
47445
7560
5284451
19539
10402
27655
10465
34870
6049
10140
312440
6960
8380
61012
16891
13220
10409
25152
8532
74189
8292
18551400
5375199
31211
10685477
14231
7823
164333
21088
8777
102821
16749605
2734238
6209
162071
62781
19876500
2724144
12059921
66320
60196401
16760703
23664361
23661867
23684896
23677967
546717
5366415
23674889
2724048
23664054
23670523
656582
23675796
3794540
23669624
23667548
6096946
60196433
86287520
62158
82029
520789
84703
11659
76857
16329
7841
12394
10898
11463
60196393
16211849
2758874
11344909
6396
85178
7869
6028739
637564
1268142
3058839
8821
7819
16541
6570
13586
4276
25612
73854
7838
16590
3033992
87425
8078
8766
70151
7122
14079
9589
117822
8868
8880
41022
637531
9024
18745
62493
7403
21574
62430
7877
114129
62118
8946
6490
20169
7632
6561
26289
517827
12244
7909
12344
10470544
33599
33934
104386
12296
7193
31223
7996
61282
161929
11262
91758
75103
38855
6567
8031
6433547
262
7409
31370
135585373
70438
5284503
521196
76382
15427
6650
15406
8717
12769
96393
5371002
7809
11868
14529
7470
74448
66678
11910
14296
44555481
76464
4047
86287524
7288
11509
246728
11124
8432
31954
6915
7359
12017
102293
5318042
527
7500
37995
142482
12777
8058
31289
8186
12398
17043
13848
77288
10026
13382
74523
14310
75430
81313
7067
24512
27689
8072
13075
74904
4790
102710
118031
71285
5485221
522105
88898
64761
166589
12336279
10313079
71580
16219349
3035267
2723891
62923
93573
25204
5727
26323
22522
6427
3482402
10567
6591
80428
5759
18555
6983
93128
7542
17349
5817
94617
162839
26229
11895
115224
62466
11
34
8147
82261
80365
14240
26690
35969
16224
78882
7293
2723631
75538
6753
31473
539829
5355130
7476
69705
76748
5284371
15109
61151
86302
8189
6395
679
12232
12077313
120203
69619
75066
9443
91677
60196383
2733708
4654
91735
91759
12542
79635
7042
8794
69413
4091
2758725
736366
6327594
31294
597
3058503
76092
7337
75908
7240
7955
13878
135191
14500
517277
8391
12069
8495
17549
7487
171018
11137
11087
11921
198695
8375
43371
31230
8443
75821
42745
70917
98723
61631
60768
31249
24114
17525
17617
62433
14228
104150
7828
42504
12572
11954
25711
69917
32490
21322
60196334
6436730
156391
61503
65420
78501
14357
134976
5922
9811353
7167
267210
62092
7597
92431
66598
5367706
8693
7601
50897
23235
16387
16003
21202
61209
3321360
3354132
7742
7714
13400
23173
10401
54744
92888
86736
7303
98356
10724
7508
7671
13613
13097
28213
7116
20478723
522183
77342
41331
7420
80642
1491
1066
8096
18062
7531
88735
75471
72
11334
11972
96170
69091
15046
10638
163934
1136
12374
69297
75771
66858
13436
2723869
77117
5284346
2734235
71809
20749
74745
60196385
74236
11009532
5284359
24963
33005
22879
77311
6379
18205
106428
60196394
11321106
27891
91822
79154
7611
12059922
11075478
12971008
45268380
15932798
14007922
4875
24412
23676745
23669619
23661960
23700091
517044
2735122
6426889
516910
516872
23665761
16760467
3356745
23676735
253881
24451
8673
22842
60196416
19095
28127
45357485
24268
23682187
16212360
517045
516902
23668197
23661868
60196422
23690996
517063
2723822
2735086
2735107
23663624
23662274
16204922
23679004
517058
23677979
3720192
23681382
23681217
23681045
23682789
12056760
4350929
23664644
443755
70014
69985
23672589
23668817
23685849
23670844
23679813
23695324
2724248
5284342
62648
517232
15666
6442
3465817
71900
6969
230976
11945
11830
12302
6375
60196373
60966
66854
31255
5284466
60196377
60196374
25153273
6415
5558
6358
6554
6905
62753
7101
7961
3024
6332
11534
7840
8001
8056
8057
8100
8101
8140
8213
12308
68526
93012
6525
7859
7647
7657
61020
6997371
1796220
6321405
5321950
16069365
10636633
16217215
12095229
11159638
50878556
16210995
60196380
6397
75819
66187
10913
10914
4109
10438
10931
7793
1549025
5367785
5355856
5282109
90592
5364579
6492
4093
6658
7343
17236
81196
13360
7407
6366
10887985
76004
5281515
14235
61346
17888
15458
17090
66041
66666
11604
17095
13931
7555
61196
3437285
87329
12998
7612
82916
21096
7580
14276
1049
31275
9865
36822
12561739
15037
67437
6342
6553885
7438
81263
26204
19707
650
179
30914
6569
7757
78640
7884
31261
8035
62098
8163
6571
6582
176
10908
7918
222536
14489
107217
7660
7997
7654
30771
31272
31226
8918
39801
8167
5367692
5367650
8095
13150
31432
99597
69027
19838
6416
91620
11450
70324
86356
8809
7366
85069
61017
10486
6385
14233
78361
19601
15413
2756017
6387
112412
11701
33263
12681
92387
86266
6495
10958189
9824131
70962
165675
398
7346
7351
7663
7655
61005
12059
35785
62907
326
32484
6943
108381
7756
7945
7651
10907
92251
7908
7957
62725
7892
62817
110747
169794
119716
6427097
31260
12613
7795
31227
16181
8085
6560
8831
61329
39223
67535
16637
20084
13654
11799
62553
70213
7914
20949
76714
93079
520148
11507
62445
12715
23294
12046
7341
26989
108312
20653
7944
11674
6278
11733
6563
6564
12198
71467
178
24874
8883
11040
7344
92821
61234
137829
12262
10976
4
548353
10560
5362833
5352837
5281167
61041
14511
26955
9895
19309
13617
90509
1252759
1550823
79016
13233
6476
86137
54738
8748
24781
440917
442348
439570
7461
720471
5362564
7275
6740
61982
6935
101150
54158
10194
7426
113033
74879
7931
7248
60196392
11927
36326
7805
6974
22278
8500
127998
12566
6680
16218739
6637
61285
7319
88043
11505
17841257
57358854
23079882
12100
15765
7236
7237
10704
11093
10797
1533
32518
6377
26808
70262
15348
13195
31645
8446
101010
18522
34286
47649
2537
14896
19596
10857465
9828356
7854
12582
23617864
5355850
7749
31219
11529
6488
1999
61771
9411
20546
6510
8282
3032854
60196386
20861
7734
7834
7650
7658
8855
44717198
5364495
8110
8004
261
8061
61038
25053
6327514
5362620
8063
7704
7705
61384
24847
12372
95337
19800
16993
12742
90818
17858
23194
12388
14260
18604
12389
31291
12391
12532
91410
18815
20993
11007
20282
7624
17185
8914
17258
75516
8164
85576
62592
8159
8920
94377
2734178
16684880
8909
10996
11002
1031
69627
69311
8114
3289
12377
113027
18783
14465
18055
12703
12051
61571
8471
7525
135424354
25914
702
16241
87367
84658
7268
31214
61053
69229
86013
7203
66755
12989
12375
8165
17434
9274
12977
60196330
10176127
60196328
60196378
10197650
20179
10473
6918222
62786
80289
2734687
11236
2723866
6917959
75345
15575641
66068
21118222
88045
6019
66449
7412
8124
6586
10928
10387
6423
8303
6420
9635
61144
17432
6419
12694
6428
24883
10900
6805
129991
76192
17946
66688
7254
11855
7950
80566
16180
1488
15580
61286
60196431
15998
26602
91747
86233
2757748
8796
76063
7964
86287519
22344
7003
12418
12018
33
170249
7503
16551
8881
6344
10967
17304
24813
12573
23654
1146
23435
14284
8168
8211
16221
8097
106705
112322
81207
75171
17869
3086157
74348
5976
24210
78202
12001
73539
8454
674
7515
8016
18193
61254
157882
18137
117734
17159
15513
33094
20392
77781
107202
8863
62336
9005
16971
14104
11569
7069
15004
16125
67058
246724
30231
61417
5827
5492898
9025
7043
65275
520098
81239
8071
90255
14210
6113
31297
76985
519907
77287
60196382
2734180
2734181
57369982
2758873
50878565
2734176
74888
74887
69537
9794
7374
4726
11784975
7368
6921
2734248
60021
173604
193943
67688
9707
67579
11700495
24603
21921
12574
16211115
74080
13610
3031
74695
38764
12163
7506
74978
7747
7764
8062
8149
61032
6993773
86287517
61274
205586
2331
15074
11722
12062
60988
91697
6115
23535
18831
71593
5464257
17406
7504
8924
61055
408285
8112
24842
80900
202877
2724192
24884197
12521030
656678
61591
12338093
3045402
23565
181978
2723649
16219385
3067270
44373822
60196368
16683978
6999977
3045414
64947
5287407
9476
60196371
10690
66308
16211072
11696
21575
7449
7386
12078
6951
12091
7423
11888
11499
24261
5368076
8092
701
87820
212930
122903
520888
2140
10843
16303
89385
3035467
19137
62334
5363388
234237
61660
17259
7649
7034
79414
96359
88855
22697
7148
61098
5365049
88454
32995
8830
16331
16237
7790
7784
31265
5352543
22873
5363269
18016
31251
61410
12729
61027
7800
31284
31283
8181
12366
13132266
78392
9808
6942
12364
12148
71992
9932000
94411
3740
87146
89953
52997
54960
71793
5354456
9955578
2723942
444305
75969
6537505
11671
875
9989
85983
24798733
6919
2201
867
77487
107
6514
185457
8897
74651
50465
8088
6532
7559
17891
18050
93542
17517
16135
66743
6785
72004
95392
3083546
7766
15461361
5352539
82058
17151
16306
8698
24838
6787
67123
122612
1549521
7040
53172
61634
62374
7923
33960
13594
31398
7922
7921
12756
7710
12813
12810
92292
102681
7016
13203
235414
10953
76980
6808
31143
2164
82162
6043
77290
8394
3033842
75498
6810
94483
85689
13223
107282
2461
73812
87154
8354
11556911
175967
53735
3309
91273
307
76583
61341
13404
91333
17429
20417
12342
61040
19665
7526
10624
13134
6327116
5371562
6327546
13689
7369
73281
13755
3489
7022
66638
67045
70807
70223
8482
8293
81410
2777208
101012
31347
6673
736715
11288
5758
11138
5784
12087
12088
6318
1017
25213
113606
95116
8738
24752
91727
7149
60196418
222285
164486
17913
22574
137994
38853
7385
62465
17739
21648
4132186
6873
32897
11867
10723
81882
92667
90038
78950
7735
160138
88267
72921
70763
8105
10442
14223
67151
4348
20641892
10154203
66885
15260
75050
8134
11355992
69685
94785
8827
135495951
15295