1       9324.8994
2       6255.2798
3       5594.3013
4       4359.6030
5       3884.0571
6       3566.4814
7       3353.2656
8       3116.4663
9       2962.4280
10      2887.6167
11      2709.7324
12      2594.9995
13      2527.7483
14      2461.9917
15      2348.0591
16      2295.0852
17      2160.6741
18      2115.4712
19      2072.6592
20      2001.4098
21      1945.2407
22      1943.7035
23      1857.7260
24      1828.6714
25      1752.2671
26      1732.1915
27      1670.0426
28      1648.6665
29      1635.7427
30      1611.6968
31      1567.4065
32      1542.9454
33      1506.3854
34      1479.6530
35      1454.6492
36      1440.8029
37      1422.6179
38      1414.2297
39      1406.0265
40      1385.4379
41      1378.1025
42      1342.9468
43      1324.0521
44      1316.5549
45      1303.2944
46      1287.7455
47      1274.2925
48      1229.8386
49      1193.6758
50      1188.8409
51      928.1422
52      890.0354
53      673.4575
54      442.1241
55      418.6030
56      324.0729
57      284.7536
58      211.7990
59      199.3936
60      178.8196
61      144.1381
62      140.1988
63      131.1450
64      121.4619
65      114.2410
66      108.0406
67      101.5797
68      100.4798
69      99.1321
70      87.6655
71      85.5071
72      83.5375
73      78.5654
74      77.1439
75      76.1048
76      74.4399
77      71.0017
78      68.4262
79      67.4733
80      66.8387
81      66.4002
82      65.9361
83      65.4014
84      60.9424
85      58.1158
86      57.9319
87      55.7528
88      55.5729
89      54.6371
90      54.1958
91      53.5796
92      52.2953
93      51.0910
94      50.2058
95      50.1090
96      49.4597
97      47.6067
98      46.7678
99      46.2940
100     45.6302
101     44.7086
102     42.6243
103     41.7702
104     41.0144
105     40.1052
106     39.2429
107     39.0002
108     38.0048
109     36.8870
110     36.6110
111     36.0362
112     34.1988
113     33.4877
114     33.1135
115     31.6638
116     31.1526
117     30.8420
118     30.3936
119     29.7276
120     29.2963
121     28.1117
122     27.0957
123     26.9424
124     26.5586
125     25.7409
126     25.3654
127     25.1018
128     25.0761
129     24.2466
130     23.7409
131     23.5792
132     23.2743
133     22.9070
134     22.6810
135     22.3052
136     21.9073
137     21.5573
138     21.4069
139     21.2141
140     20.9415
141     20.6563
142     20.5567
143     20.1524
144     19.8192
145     19.6420
146     19.3682
147     19.1820
148     18.7607
149     18.5321
150     18.3438
151     17.8842
152     17.7232
153     17.5394
154     17.3737
155     17.2825
156     17.1826
157     17.0174
158     16.7820
159     16.6355
160     16.5508
161     16.4558
162     16.3531
163     16.1459
164     15.9675
165     15.7962
166     15.6422
167     15.5989
168     15.4320
169     15.3648
170     15.2635
171     15.1477
172     15.0872
173     14.7885
174     14.7086
175     14.5712
176     14.4214
177     14.3013
178     14.0755
179     14.0281
180     13.9647
181     13.7889
182     13.6703
183     13.6155
184     13.5953
185     13.5284
186     13.3746
187     13.3510
188     13.2309
189     13.1263
190     13.0857
191     12.9656
192     12.8259
193     12.7478
194     12.5980
195     12.4840
196     12.3957
197     12.3698
198     12.3083
199     12.2401
200     12.1361
201     12.0906
202     12.0499
203     11.9780
204     11.9476
205     11.7863
206     11.6130
207     11.5553
208     11.5174
209     11.4192
210     11.3068
211     11.2898
212     11.1871
213     11.1244
214     11.0652
215     11.0494
216     11.0174
217     10.8656
218     10.7977
219     10.7825
220     10.6872
221     10.6231
222     10.5596
223     10.5537
224     10.4529
225     10.4203
226     10.3351
227     10.2672
228     10.2346
229     10.1691
230     10.0930
231     10.0591  
232     9.975
233     9.9214
234     9.8958
235     9.8505
236     9.7647
237     9.7086
238     9.7047
239     9.6590
240     9.5609
241     9.5234
242     9.4927
243     9.4533
244     9.4419
245     9.4086
246     9.3063
247     9.2940
248     9.2494
249     9.1907
250     9.1069
251     9.0593
252     8.9996
253     8.9272
254     8.9019
255     8.8898
256     8.8612
257     8.7917
258     8.7336
259     8.7206
260     8.6666
261     8.6210
262     8.6085
263     8.5898
264     8.4964
265     8.4835
266     8.3926
267     8.3609
268     8.3351
269     8.3098
270     8.2493
271     8.2328
272     8.2096
273     8.1658
274     8.1537
275     8.1197
276     8.0583
277     8.0497
278     8.0217
279     7.9635
280     7.9317
281     7.8730
282     7.8337
283     7.8144
284     7.7724
285     7.7548
286     7.7200
287     7.6681
288     7.6277
289     7.5740
290     7.5363
291     7.5054
292     7.4637
293     7.4245
294     7.4097
295     7.3730
296     7.3168
297     7.2955
298     7.2298
299     7.2152
300     7.2103
301     7.1482
302     7.1250
303     7.0753
304     7.0517
305     7.0278
306     6.9937
307     6.9563
308     6.9213
309     6.9019
310     6.8672
311     6.8308
312     6.7886
313     6.7705
314     6.7367
315     6.6774
316     6.6603
317     6.6381
318     6.5867
319     6.5563
320     6.5410
321     6.5123
322     6.4863
323     6.4795
324     6.4320
325     6.4129
326     6.3677
327     6.3548
328     6.3130
329     6.2662
330     6.2606
331     6.2227
332     6.1915
333     6.1529
334     6.1483
335     6.1121
336     6.0683
337     6.0462
338     6.0109
339     5.9764
340     5.9598
341     5.9431
342     5.9210
343     5.9070
344     5.8828
345     5.8627
346     5.8193
347     5.8092
348     5.8027
349     5.7974
350     5.7442
351     5.7225
352     5.6806
353     5.6764
354     5.6389
355     5.6218
356     5.5817
357     5.5750
358     5.5547
359     5.5083
360     5.4932
361     5.4758
362     5.4501
363     5.4406
364     5.4098
365     5.3764
366     5.3532
367     5.3504
368     5.3282
369     5.3065
370     5.3005
371     5.2675
372     5.2264
373     5.2075
374     5.2007
375     5.1699
376     5.1520
377     5.1336
378     5.1012
379     5.0942
380     5.0557
381     5.0521
382     5.0305
383     5.0231
384     5.0099
385     4.9863
386     4.9728
387     4.9507
388     4.9237
389     4.9128
390     4.8856
391     4.8706
392     4.8394
393     4.8225
394     4.8057
395     4.8010
396     4.7837
397     4.7663
398     4.7369
399     4.7259
400     4.7144
401     4.6987
402     4.6952
403     4.6579
404     4.6455
405     4.6225
406     4.6087
407     4.6035
408     4.5719
409     4.5512
410     4.5356
411     4.5249
412     4.5091
413     4.5040
414     4.4970
415     4.4747
416     4.4592
417     4.4351
418     4.4226
419     4.3995
420     4.3859
421     4.3631
422     4.3468
423     4.3402
424     4.3155
425     4.3069
426     4.2882
427     4.2844
428     4.2729
429     4.2487
430     4.2193
431     4.2024
432     4.1962
433     4.1796
434     4.1683
435     4.1471
436     4.1418
437     4.1224
438     4.0970
439     4.0821
440     4.0806
441     4.0520
442     4.0408
443     4.0300
444     4.0063
445     3.9917
446     3.9851
447     3.9663
448     3.9494
449     3.9339
450     3.9252
451     3.9009
452     3.8897
453     3.8802
454     3.8640
455     3.8500
456     3.8328
457     3.8127
458     3.8067
459     3.7820
460     3.7764
461     3.7589
462     3.7551
463     3.7390
464     3.7251
465     3.7172
466     3.6988
467     3.6835
468     3.6767
469     3.6565
470     3.6504
471     3.6286
472     3.6153
473     3.6108
474     3.5946
475     3.5789
476     3.5714
477     3.5509
478     3.5443
479     3.5140
480     3.4948
481     3.4841
482     3.4610
483     3.4554
484     3.4372
485     3.4291
486     3.4177
487     3.3882
488     3.3686
489     3.3510
490     3.3322
491     3.3075
492     3.3022
493     3.2887
494     3.2530
495     3.2497
496     3.2182
497     3.2072
498     3.1687
499     3.1330